f0 100 Hz, harmonic 2 mistuned; 300 Adam steps, 128 samples, fft cochleagram, cosine phases
log prior of structure: one source -2.05, two sources -4.54
percent  logZ1_laplace  logZ1_is  ess1  logZ2_laplace  logZ2_is  ess2  log_odds_laplace  log_odds_is  seconds
      0        -9918.3   -9919.0    78        -9924.4   -9924.9     7              -8.6         -8.4      5.6
      1        -9934.9   -9934.8   100        -9938.2   -9938.0    35              -5.8         -5.6      4.4
      2        -9931.7   -9930.2    15        -9935.3   -9935.3    70              -6.1         -7.6      4.4
      3        -9930.6   -9929.3    18        -9935.4   -9935.6    55              -7.3         -8.8      4.4
      4        -9937.1   -9936.5     3        -9941.7   -9941.4    41              -7.1         -7.3      4.4
      5        -9920.2   -9920.5    61        -9926.7   -9926.1     7              -9.0         -8.0      4.5
      6        -9936.3   -9935.8     4        -9941.2   -9940.9    40              -7.4         -7.6      4.6
      7        -9932.4   -9932.0     6        -9937.3   -9937.6    72              -7.4         -8.1      4.5
      8        -9929.7   -9929.3    20        -9935.7   -9935.8    64              -8.5         -9.0      4.7
      9        -9937.5   -9937.4   101        -9942.7   -9942.4    38              -7.7         -7.6      4.2
     10        -9922.6   -9923.0    75        -9931.4   -9930.7    18             -11.3        -10.2      4.1
     12        -9934.5   -9934.3     7        -9939.1   -9939.4    80              -7.2         -7.6      4.5
     14        -9939.4   -9940.0    44        -9944.0   -9943.9    41              -7.1         -6.4      4.2
     16        -9937.4   -9937.3     9        -9943.0   -9942.7    48              -8.1         -7.8      4.5
     18        -9930.4   -9930.1    20        -9937.5   -9937.5    47              -9.6         -9.9      4.2
     20        -9930.4   -9930.3    20        -9936.8   -9937.2    56              -8.9         -9.4      4.1
     25        -9934.4   -9934.5    34        -9941.9   -9942.1    62             -10.0        -10.1      4.2
     30        -9939.5   -9939.3    44        -9944.8   -9944.9    39              -7.7         -8.0      4.6
     35        -9944.1   -9944.0    45        -9946.4   -9946.4    83              -4.7         -4.9      4.3
     40        -9950.5   -9950.2    52        -9947.7   -9947.4    33               0.4          0.3      4.2
     45        -9957.0   -9956.6    67        -9949.7   -9949.7    60               4.8          4.4      4.5
     50        -9963.0   -9962.7    68        -9952.5   -9952.5    62               8.0          7.7      4.4
