f0 100 Hz, harmonic 1 mistuned; 300 Adam steps, 128 samples, fft cochleagram
log prior of structure: one source -2.05, two sources -4.54
percent  logZ1_laplace  logZ1_is  ess1  logZ2_laplace  logZ2_is  ess2  log_odds_laplace  log_odds_is  seconds
      0        -9918.3   -9919.0    78        -9924.3   -9925.1     5              -8.5         -8.6      6.1
      1        -9927.7   -9927.4   104        -9935.3   -9935.1    35             -10.1        -10.2      4.9
      2        -9926.5   -9926.0    63        -9934.3   -9932.9    29             -10.3         -9.4     23.3
      3        -9926.5   -9926.1    93        -9934.2   -9933.2    31             -10.2         -9.5      4.5
      4        -9931.2   -9931.0   112        -9938.3   -9937.7    48              -9.5         -9.1      4.9
      5        -9923.4   -9923.3    15        -9931.1   -9930.1    21             -10.2         -9.3      4.8
      6        -9932.1   -9931.9   116        -9938.9   -9938.2    34              -9.3         -8.8      4.8
      7        -9932.0   -9931.7   115        -9938.9   -9938.3    43              -9.4         -9.1      4.2
      8        -9931.8   -9931.4   109        -9939.3   -9938.7    25             -10.0         -9.8      4.4
      9        -9938.3   -9938.2   119        -9939.7   -9939.0    44              -3.8         -3.3      4.5
     10        -9932.8   -9932.6    52        -9941.3   -9940.6    37             -10.9        -10.5      4.4
     12        -9942.8   -9942.6   118        -9940.7   -9940.1    43              -0.4          0.0      4.4
     14        -9951.7   -9951.4    79        -9941.4   -9940.6    42               7.8          8.3      4.5
     16        -9958.2   -9957.8    62        -9941.7   -9941.0    37              14.0         14.3      4.4
     18        -9965.0   -9964.8    67        -9943.8   -9943.2    34              18.7         19.1      4.2
     20        -9971.7   -9971.6    70        -9945.0   -9944.5    37              24.3         24.6      4.3
     25        -9972.0   -9971.9    74        -9943.5   -9943.0    29              26.0         26.4      4.3
     30        -9980.8   -9980.7    76        -9944.3   -9943.8    45              34.1         34.4      4.1
     35        -9996.4   -9996.3    70        -9947.0   -9946.6    62              46.9         47.2      4.2
     40       -10013.0  -10012.7    60        -9950.2   -9949.9    60              60.3         60.3      4.3
     45       -10012.2  -10012.0    66        -9949.5   -9949.0    63              60.2         60.5      4.2
     50       -10016.9  -10016.6    73        -9949.3   -9949.1    56              65.2         65.0      4.5
