f0 100 Hz, harmonic 3 mistuned; 300 Adam steps, 128 samples, fft cochleagram, cosine phases
log prior of structure: one source -2.05, two sources -4.54
percent  logZ1_laplace  logZ1_is  ess1  logZ2_laplace  logZ2_is  ess2  log_odds_laplace  log_odds_is  seconds
      0        -9918.3   -9919.0    78        -9924.5   -9924.8     9              -8.6         -8.3      5.5
      1        -9939.2   -9935.1    11        -9938.1   -9938.1    44              -1.4         -5.5      4.4
      2        -9932.2   -9929.8    15        -9935.2   -9935.3    54              -5.5         -8.0      4.4
      3        -9930.3   -9928.5    25        -9935.7   -9935.4    48              -7.9         -9.3      4.6
      4        -9939.8   -9935.4    15        -9941.6   -9940.8    24              -4.3         -7.9      4.6
      5        -9919.4   -9920.1    75        -9925.5   -9925.8    32              -8.6         -8.2      4.3
      6        -9938.7   -9934.8    16        -9941.0   -9940.8    41              -4.8         -8.4      4.3
      7        -9933.9   -9931.1    13        -9937.9   -9937.1    12              -6.5         -8.5      4.3
      8        -9929.4   -9928.2    32        -9935.4   -9934.9    38              -8.4         -9.2      4.4
      9        -9940.8   -9936.4    15        -9942.2   -9941.6    25              -3.9         -7.6      4.4
     10        -9921.6   -9922.0    82        -9930.4   -9929.9    22             -11.3        -10.4      4.2
     12        -9935.9   -9933.0    14        -9939.3   -9938.7    29              -5.9         -8.2      4.4
     14        -9941.9   -9937.7    15        -9943.0   -9942.3    27              -3.5         -7.1      4.6
     16        -9939.1   -9935.8    16        -9942.2   -9941.8    44              -5.6         -8.4      4.4
     18        -9928.8   -9928.5    59        -9936.7   -9935.2     9             -10.4         -9.2      4.2
     20        -9928.6   -9928.4    64        -9935.7   -9935.3    36              -9.5         -9.3      4.3
     25        -9934.5   -9933.5     4        -9938.4   -9938.1    41              -6.3         -7.1      4.2
     30        -9938.6   -9937.8    33        -9941.2   -9940.6    28              -5.1         -5.3      4.3
     35        -9942.7   -9942.1    38        -9943.7   -9943.0    14              -3.5         -3.4      4.5
     40        -9947.7   -9946.9    39        -9946.1   -9945.7    41              -0.9         -1.3      4.4
     45        -9953.4   -9952.6    54        -9949.1   -9949.0    71               1.8          1.1      4.5
     50        -9956.6   -9956.2    38        -9952.1   -9951.9    67               2.0          1.8      4.3
