f0 200 Hz, harmonic 1 mistuned; 300 Adam steps, 128 samples, fft cochleagram, cosine phases
log prior of structure: one source -2.05, two sources -4.54
percent  logZ1_laplace  logZ1_is  ess1  logZ2_laplace  logZ2_is  ess2  log_odds_laplace  log_odds_is  seconds
      0        -9919.8   -9920.0   115        -9925.7   -9926.3     7              -8.4         -8.8      5.3
      1        -9921.7   -9921.4    49        -9928.4   -9927.0    26              -9.2         -8.1      4.1
      2        -9924.1   -9923.9    76        -9930.9   -9929.6    27              -9.3         -8.2      4.2
      3        -9926.4   -9926.2    82        -9936.8   -9935.7    48             -12.9        -12.0      4.2
      4        -9930.3   -9930.1    89        -9936.4   -9935.4    41              -8.6         -7.8      4.2
      5        -9935.6   -9935.5   101        -9936.6   -9935.5    38              -3.4         -2.5      4.3
      6        -9942.3   -9942.0    50        -9937.6   -9936.3    29               2.2          3.2      4.4
      7        -9948.7   -9948.6   120        -9937.1   -9936.3    40               9.0          9.8      4.3
      8        -9957.9   -9957.8   119        -9936.9   -9936.0    36              18.5         19.4      4.3
      9        -9967.0   -9966.9   119        -9936.4   -9935.9    36              28.1         28.6      4.4
     10        -9973.4   -9973.4   119        -9936.4   -9935.3    20              34.5         35.5      4.4
     12        -9990.7   -9990.7   119        -9937.0   -9936.4    52              51.2         51.8      4.3
     14       -10012.7  -10012.8   119        -9936.7   -9936.0    37              73.6         74.2      4.2
     16       -10042.3  -10042.3   119        -9938.1   -9937.0    31             101.7        102.8      4.3
     18       -10078.9  -10078.8   119        -9939.3   -9938.7    44             137.1        137.7      4.1
     20       -10099.1  -10099.0   119        -9939.4   -9938.4    18             157.2        158.1      4.2
     25       -10163.4  -10163.4   117        -9940.5   -9939.7    19             220.5        221.1      4.4
     30       -10230.8  -10230.7   113        -9944.2   -9943.3    32             284.1        285.0      4.1
     35       -10272.5  -10272.3   107        -9945.5   -9944.6    39             324.5        325.3      4.3
     40       -10304.4  -10304.2   100        -9949.1   -9947.8    26             352.8        353.9      4.3
     45       -10305.3  -10304.9    79        -9950.1   -9949.0    29             352.7        353.4      4.4
     50       -10275.4  -10275.1    93        -9951.7   -9951.1    56             321.1        321.5      4.4
