f0 200 Hz, harmonic 3 mistuned; 300 Adam steps, 128 samples, fft cochleagram, cosine phases
log prior of structure: one source -2.05, two sources -4.54
percent  logZ1_laplace  logZ1_is  ess1  logZ2_laplace  logZ2_is  ess2  log_odds_laplace  log_odds_is  seconds
      0        -9919.8   -9920.0   115        -9926.7   -9925.7     5              -9.4         -8.2      5.6
      1        -9920.0   -9920.1   115        -9926.4   -9926.0    38              -8.9         -8.3      4.6
      2        -9920.8   -9920.9   109        -9927.8   -9927.8    24              -9.4         -9.4      4.4
      3        -9921.3   -9921.4   113        -9927.7   -9927.3    32              -8.8         -8.4      4.2
      4        -9921.9   -9921.9   118        -9927.9   -9927.6    30              -8.5         -8.1      4.4
      5        -9922.8   -9922.8   119        -9928.7   -9928.5    31              -8.4         -8.2      4.5
      6        -9923.9   -9923.9   116        -9929.8   -9929.7    27              -8.4         -8.3      4.4
      7        -9925.9   -9925.8   107        -9932.2   -9931.9    25              -8.8         -8.5      4.3
      8        -9926.9   -9926.9   118        -9933.1   -9932.8    30              -8.6         -8.4      4.6
      9        -9928.7   -9928.6   118        -9935.4   -9934.5    27              -9.3         -8.4      4.3
     10        -9930.5   -9930.5   120        -9937.0   -9936.7    36              -8.9         -8.6      4.2
     12        -9935.7   -9935.6   105        -9946.8   -9945.8    42             -13.6        -12.7      4.6
     14        -9940.5   -9940.5   122        -9946.2   -9945.5    61              -8.2         -7.6      4.3
     16        -9945.7   -9945.6   112        -9946.7   -9946.0    43              -3.5         -2.9      4.2
     18        -9951.9   -9951.9   120        -9949.0   -9948.1    19               0.4          1.3      4.5
     20        -9958.9   -9958.8   120        -9950.9   -9950.0    14               5.5          6.3      4.2
     25        -9978.5   -9978.3   114        -9957.8   -9957.1    25              18.2         18.8      4.2
     30        -9999.2   -9999.0   107        -9967.9   -9966.6    21              28.8         29.9      4.4
     35       -10021.2  -10021.0   102        -9974.2   -9972.8    24              44.5         45.7      4.6
     40       -10042.1  -10041.9    98        -9985.3   -9983.8    30              54.3         55.6      4.6
     45       -10062.6  -10062.4    75        -9997.8   -9996.6    40              62.3         63.3      4.6
     50       -10080.0  -10079.5    60       -10008.3  -10007.8    46              69.2         69.2      4.4
