f0 200 Hz, harmonic 2 mistuned; 300 Adam steps, 128 samples, fft cochleagram, cosine phases
log prior of structure: one source -2.05, two sources -4.54
percent  logZ1_laplace  logZ1_is  ess1  logZ2_laplace  logZ2_is  ess2  log_odds_laplace  log_odds_is  seconds
      0        -9919.8   -9920.0   115        -9926.1   -9926.4     8              -8.8         -8.9      5.5
      1        -9920.8   -9920.6    76        -9926.9   -9926.3    36              -8.6         -8.2      4.0
      2        -9922.2   -9922.0    68        -9928.5   -9928.4     9              -8.8         -8.9      4.3
      3        -9922.8   -9922.7    84        -9928.1   -9927.4    23              -7.7         -7.1      4.4
      4        -9924.0   -9923.9   108        -9930.2   -9929.7    31              -8.7         -8.3      4.2
      5        -9926.0   -9926.0   113        -9931.8   -9931.5    34              -8.3         -8.0      4.1
      6        -9928.6   -9928.5   106        -9934.5   -9934.2    28              -8.3         -8.1      4.2
      7        -9932.1   -9931.9    84        -9937.9   -9937.6    28              -8.3         -8.2      4.6
      8        -9934.5   -9934.4   106        -9944.8   -9944.0    31             -12.7        -12.1      4.3
      9        -9937.9   -9937.9   117        -9944.2   -9943.6    38              -8.7         -8.2      4.6
     10        -9941.6   -9941.6   115        -9944.9   -9944.3    36              -5.7         -5.2      4.3
     12        -9950.8   -9950.3    82        -9945.7   -9945.2    52               2.6          2.7      4.3
     14        -9961.9   -9961.8   118        -9945.2   -9944.8    71              14.2         14.5      4.3
     16        -9973.6   -9973.3    34        -9947.6   -9946.6    14              23.6         24.3      4.4
     18        -9984.9   -9984.7    69        -9948.6   -9948.1    59              33.8         34.1      4.7
     20        -9997.0   -9996.8    61        -9949.8   -9949.3    48              44.7         45.0      4.4
     25       -10031.6  -10031.3    58        -9957.3   -9956.5    15              71.8         72.4      4.3
     30       -10063.2  -10062.9    34        -9964.0   -9962.9    19              96.6         97.5      4.3
     35       -10102.9  -10102.7    85        -9972.7   -9971.7    21             127.6        128.6      4.3
     40       -10128.5  -10128.2    85        -9978.4   -9977.1    17             147.6        148.7      4.3
     45       -10158.5  -10157.9    56        -9989.7   -9988.6     8             166.3        166.8      4.3
     50       -10160.4  -10159.6    32        -9991.6   -9991.1    42             166.2        166.0      4.4
