f0 400 Hz, harmonic 1 mistuned; 300 Adam steps, 128 samples, fft cochleagram, cosine phases
log prior of structure: one source -2.05, two sources -4.54
percent  logZ1_laplace  logZ1_is  ess1  logZ2_laplace  logZ2_is  ess2  log_odds_laplace  log_odds_is  seconds
      0        -9920.0   -9920.1   120        -9926.2   -9926.4     7              -8.6         -8.8      5.6
      1        -9922.3   -9922.0   101        -9929.4   -9927.8    13              -9.7         -8.2      4.4
      2        -9926.8   -9926.8   121        -9933.8   -9932.8    48              -9.4         -8.5      4.3
      3        -9938.5   -9938.4   109        -9933.6   -9932.6    40               2.5          3.3      4.3
      4        -9949.4   -9949.4   118        -9933.6   -9932.5    29              13.3         14.4      4.3
      5        -9962.4   -9962.3    88        -9933.3   -9932.4    34              26.6         27.4      4.4
      6        -9978.5   -9978.2    59        -9933.5   -9932.6    11              42.5         43.2      4.2
      7        -9998.4   -9998.0    37        -9933.8   -9932.8    30              62.1         62.7      4.1
      8       -10028.6  -10028.2    32        -9934.4   -9933.5    47              91.8         92.3      4.4
      9       -10050.6  -10050.1    40        -9933.9   -9933.0    21             114.2        114.6      4.4
     10       -10074.7  -10074.4    74        -9933.6   -9932.9    56             138.6        139.0      4.1
     12       -10140.8  -10140.2    52        -9934.9   -9934.1    27             203.4        203.6      4.3
     14       -10212.9  -10212.4    21        -9935.6   -9934.6    19             274.9        275.3      4.4
     16       -10279.8  -10279.5    62        -9935.3   -9934.7    40             342.1        342.3      4.3
     18       -10374.2  -10373.7    54        -9938.3   -9937.1    14             433.4        434.1      4.1
     20       -10444.5  -10444.2    68        -9938.3   -9937.1    26             503.8        504.5      4.3
     25       -10650.6  -10650.0    56        -9940.4   -9939.4    34             707.7        708.2      4.6
     30       -10826.7  -10826.4    47        -9942.3   -9941.5    35             881.9        882.4      4.4
     35       -10889.7  -10889.4    65        -9943.0   -9942.1    25             944.2        944.8      4.3
     40       -10836.2  -10835.1     3        -9944.9   -9944.0    29             888.8        888.6      4.3
     45       -10716.2  -10715.0    15        -9944.5   -9943.6    30             769.2        768.9      4.2
     50       -10600.7  -10600.2    93        -9944.9   -9943.6    19             653.3        654.1      4.3
