f0 400 Hz, harmonic 2 mistuned; 300 Adam steps, 128 samples, fft cochleagram, cosine phases
log prior of structure: one source -2.05, two sources -4.54
percent  logZ1_laplace  logZ1_is  ess1  logZ2_laplace  logZ2_is  ess2  log_odds_laplace  log_odds_is  seconds
      7        -9947.5   -9947.5   125        -9925.6      -inf   nan              19.4         -inf      5.9
         note: floored Hessian eigenvalues H1 0, H2 1
      8        -9954.8   -9955.2   105        -9938.8   -9937.8    25              13.6         14.9      8.6
      9        -9964.9   -9964.4    58        -9940.4   -9939.5    10              22.0         22.4      7.8
     10        -9976.5   -9976.4   122        -9940.6   -9939.6    16              33.5         34.3      8.1
     12       -10000.2  -10000.1   117        -9942.1   -9941.4    35              55.7         56.2      4.8
     14       -10025.9  -10025.8   116        -9944.8   -9943.7    10              78.6         79.6      4.4
     16       -10059.3  -10059.2   108        -9947.7   -9946.6    12             109.2        110.1      4.4
     18       -10088.5  -10088.3    80        -9949.1   -9948.0    16             137.0        137.8      4.4
     20       -10126.4  -10125.6    30        -9952.8   -9951.9    21             171.1        171.3      4.5
     25       -10215.3  -10215.2   103        -9961.9   -9960.8    20             250.9        251.9      4.2
     30       -10307.1  -10306.7    29        -9970.6   -9969.7    19             334.0        334.6      4.4
     35       -10374.0  -10373.6    44        -9978.6   -9977.1    18             393.0        394.0      4.5
     40       -10408.5  -10408.1    51        -9984.2   -9983.0    15             421.8        422.6      4.3
     45       -10416.8  -10416.0    26        -9992.3   -9990.9    22             422.1        422.6      4.4
     50       -10394.1  -10392.0     4        -9997.1   -9996.0    22             394.5        393.5      4.3
