f0 400 Hz, harmonic 3 mistuned; 300 Adam steps, 128 samples, fft cochleagram, cosine phases
log prior of structure: one source -2.05, two sources -4.54
percent  logZ1_laplace  logZ1_is  ess1  logZ2_laplace  logZ2_is  ess2  log_odds_laplace  log_odds_is  seconds
      0        -9920.0   -9920.1   120        -9927.7   -9926.3    12             -10.1         -8.7      5.3
      1        -9920.5   -9920.4   117        -9928.2   -9926.8    11             -10.2         -8.9      4.3
      2        -9921.3   -9921.2   111        -9927.5   -9927.1    17              -8.7         -8.4      4.2
      3        -9922.9   -9922.8    98        -9928.8   -9928.8    13              -8.3         -8.5      4.2
      4        -9925.0   -9924.8    86        -9931.6   -9931.2    20              -9.1         -8.9      4.3
      5        -9927.3   -9927.1    78        -9933.8   -9932.1    17              -9.0         -7.6      4.3
      6        -9930.0   -9929.9    92        -9940.9   -9939.1     6             -13.4        -11.7      4.0
      7        -9933.5   -9933.4   117        -9939.6   -9938.3    17              -8.6         -7.5      3.9
      8        -9938.1   -9938.0   113        -9939.9   -9938.8    18              -4.3         -3.3      3.9
      9        -9942.4   -9942.2    91        -9941.8   -9940.4    17              -1.8         -0.6      4.1
     10        -9946.9   -9946.6    80        -9941.8   -9940.4    14               2.5          3.7      4.0
     12        -9957.2   -9957.0    80        -9944.3   -9943.1    15              10.4         11.4      4.1
     14        -9970.6   -9969.8    17        -9948.2   -9946.8    17              19.9         20.6      4.0
     16        -9982.9   -9983.0    68        -9952.7   -9951.3    22              27.7         29.2      4.3
     18       -10000.9  -10000.0    16        -9958.9   -9957.6    11              39.5         39.9      4.3
     20       -10016.5  -10015.4    13        -9959.5   -9958.4    16              54.6         54.5      4.3
     25       -10060.6  -10060.5   116        -9973.0   -9971.4    17              85.1         86.6      4.2
     30       -10109.4  -10109.4   117        -9986.2   -9985.1    19             120.8        121.9      4.3
     35       -10157.7  -10156.7    16       -10000.2   -9999.1    28             155.0        155.2      4.4
     40       -10199.6  -10199.0    19       -10015.3  -10013.7    26             181.9        182.8      4.5
     45       -10234.1  -10234.0    38       -10026.9  -10025.9    23             204.8        205.6      4.2
     50       -10258.0  -10258.1   124       -10035.2  -10033.9    25             220.3        221.7      4.1
