sonore 0.5.0; seed 0; RT60 0.4 s, DRR 10.0 dB; bias -1.3 dB, sigma 3.6 dB and twice it
log likelihood minus its value at the truth [nats]

RT60 [s]             0.1     0.2     0.3    0.35    0.38     0.4    0.42    0.45     0.5     0.6     0.8     1.2       2
sigma 3.6 floor 60 -3020.2 -1365.6  -340.9   -83.1   -13.6     0.0   -11.5   -71.9  -274.9  -995.9 -3329.2-10036.7-25592.4
sigma 3.6 floor 40  -293.7  -147.7   -32.5    -7.1    -0.9     0.0    -1.2    -6.8   -25.1   -84.4  -255.3  -626.5 -1247.7
sigma 3.6 floor 20    -1.3    -0.3     0.1     0.1     0.0     0.0    -0.0    -0.1    -0.2    -0.5    -1.1    -2.3    -4.4
sigma 7.2 floor 60  -755.0  -341.4   -85.2   -20.8    -3.4     0.0    -2.9   -18.0   -68.7  -249.0  -832.3 -2509.2 -6398.1
sigma 7.2 floor 40   -73.4   -36.9    -8.1    -1.8    -0.2     0.0    -0.3    -1.7    -6.3   -21.1   -63.8  -156.6  -311.9
sigma 7.2 floor 20    -0.3    -0.1     0.0     0.0     0.0     0.0    -0.0    -0.0    -0.1    -0.1    -0.3    -0.6    -1.1

level [dB]            -6      -3      -1    -0.5       0     0.5       1       3       6
sigma 3.6 floor 60 -2796.0  -717.1   -82.0   -21.0     0.0   -19.3   -79.5  -733.2 -2991.6
sigma 3.6 floor 40 -1722.0  -498.9   -71.6   -23.3     0.0    -2.7   -32.3  -434.8 -1953.8
sigma 3.6 floor 20  -241.8  -105.3   -23.6    -9.6     0.0     5.0     5.4   -50.1  -350.7
sigma 7.2 floor 60  -699.0  -179.3   -20.5    -5.3     0.0    -4.8   -19.9  -183.3  -747.9
sigma 7.2 floor 40  -430.5  -124.7   -17.9    -5.8     0.0    -0.7    -8.1  -108.7  -488.4
sigma 7.2 floor 20   -60.5   -26.3    -5.9    -2.4     0.0     1.3     1.4   -12.5   -87.7

offset [blocks]       -4      -2      -1       0       1       2       4
sigma 3.6 floor 60 -1565.3  -362.2   -10.0     0.0  -172.3  -544.3 -1592.2
sigma 3.6 floor 40  -421.0  -145.1    -6.6     0.0   -75.5  -238.5  -634.2
sigma 3.6 floor 20    -3.4    -1.9    -0.3     0.0    -6.8   -19.8   -46.4
sigma 7.2 floor 60  -391.3   -90.6    -2.5     0.0   -43.1  -136.1  -398.0
sigma 7.2 floor 40  -105.2   -36.3    -1.6     0.0   -18.9   -59.6  -158.5
sigma 7.2 floor 20    -0.9    -0.5    -0.1     0.0    -1.7    -4.9   -11.6

DRR [dB]               0       5       8       9      10      11      12      15      20
sigma 3.6 floor 60 -4875.7 -1075.3  -174.3   -50.3     0.0   -15.3   -87.7  -570.1 -1857.9
sigma 3.6 floor 40 -2548.0  -475.1   -64.2   -15.7     0.0    -9.1   -36.3  -180.3  -407.6
sigma 3.6 floor 20  -188.8    -6.7     2.7     1.6     0.0    -2.0    -4.0    -9.2   -13.7
sigma 7.2 floor 60 -1218.9  -268.8   -43.6   -12.6     0.0    -3.8   -21.9  -142.5  -464.5
sigma 7.2 floor 40  -637.0  -118.8   -16.0    -3.9     0.0    -2.3    -9.1   -45.1  -101.9
sigma 7.2 floor 20   -47.2    -1.7     0.7     0.4     0.0    -0.5    -1.0    -2.3    -3.4
