f0 100 Hz, harmonic 1 mistuned; 300 Adam steps, 128 samples, fft-bass-gain cochleagram, cosine phases, whistle timing inferred, trajectories, harmonic timing inferred
log prior of structure: one source -2.05, two sources -4.54
percent  logZ1_laplace  logZ1_is  ess1  logZ2_laplace  logZ2_is  ess2  log_odds_laplace  log_odds_is  seconds
      0        -9951.0   -9953.5     6        -9965.7   -9972.3     1             -17.2        -21.2     22.3
      1        -9954.5   -9956.2     8        -9976.3   -9979.2     3             -24.3        -25.6     21.7
      2        -9952.5   -9954.1     2        -9969.0   -9970.8     2             -19.0        -19.2     21.8
      3        -9952.8   -9954.5     3        -9968.3   -9969.6     2             -18.0        -17.6     21.3
      4        -9956.8   -9958.9    10        -9970.3   -9973.7     5             -16.0        -17.3     21.0
      5        -9953.9   -9955.2     2        -9966.7   -9969.5     4             -15.3        -16.8     21.1
      6        -9957.1   -9958.8     4        -9971.0   -9973.0     3             -16.4        -16.7     21.0
      7        -9957.0   -9958.2     2        -9974.9   -9975.8     1             -20.3        -20.1     21.8
      8        -9957.8   -9958.4     2        -9973.5   -9975.8     5             -18.2        -19.9     22.4
      9        -9962.9   -9963.9     3        -9985.6   -9987.2     3             -25.2        -25.8     22.7
     10        -9961.0   -9961.3     1        -9975.5   -9977.4     6             -16.9        -18.5     23.7
     12        -9967.1   -9967.0     1        -9985.9   -9987.9     3             -21.3        -23.4     23.2
     14        -9975.0   -9975.4     2        -9986.2   -9989.2     4             -13.7        -16.3     23.5
     16        -9975.1   -9975.8     2        -9986.2   -9988.9     5             -13.5        -15.5     24.5
     18        -9976.6   -9977.1     2        -9985.8   -9987.9     2             -11.6        -13.3     23.3
     20        -9978.3   -9979.1     1        -9985.3   -9988.1     3              -9.5        -11.4     24.0
     22        -9983.7   -9985.9     6        -9986.2   -9990.4     2              -5.0         -6.9     24.2
     24        -9987.6   -9989.8     6        -9987.5   -9991.5     5              -2.4         -4.1     23.4
     26        -9990.1   -9992.7     6        -9988.9   -9990.5     2              -1.4         -0.2     24.7
     28        -9993.4   -9996.5     7        -9988.4   -9991.4     3               2.5          2.7     24.3
     30        -9998.6  -10001.8     7        -9989.5   -9992.3     5               6.6          7.0     23.8
     35       -10007.9  -10009.5     2        -9991.1   -9993.8     4              14.4         13.2     23.8
     40       -10012.0  -10015.8    11        -9992.4   -9993.9     6              17.1         19.5     24.3
     45       -10015.4  -10019.3     4        -9992.1   -9994.9     5              20.8         21.9     23.3
     50       -10021.0  -10022.9     2        -9995.0   -9997.5     5              23.5         23.0     22.6
