f0 100 Hz, harmonic 3 mistuned; 300 Adam steps, 128 samples, fft-bass-gain cochleagram, cosine phases, whistle timing inferred, trajectories, harmonic timing inferred
log prior of structure: one source -2.05, two sources -4.54
percent  logZ1_laplace  logZ1_is  ess1  logZ2_laplace  logZ2_is  ess2  log_odds_laplace  log_odds_is  seconds
      0        -9951.0   -9953.5     6        -9965.1   -9968.0     3             -16.6        -16.9     22.2
      1        -9958.3   -9960.2     4        -9984.0   -9985.4     3             -28.2        -27.7     21.6
      2        -9954.4   -9956.8     5        -9972.1   -9974.0     4             -20.1        -19.6     20.9
      3        -9953.8   -9956.1     4        -9971.8   -9973.1     2             -20.5        -19.5     21.1
      4        -9958.2   -9960.2     3        -9975.2   -9978.9     3             -19.5        -21.2     21.7
      5        -9952.0   -9954.4     4        -9953.4   -9960.7     1              -4.0         -8.8     21.4
         note: floored Hessian eigenvalues H1 0, H2 1
      6        -9957.6   -9959.7     3        -9975.3   -9977.6     3             -20.1        -20.3     21.7
      7        -9955.4   -9957.5     3        -9972.3   -9973.8     3             -19.4        -18.7     22.8
      8        -9953.9   -9956.1     4        -9971.8   -9972.9     2             -20.4        -19.2     22.5
      9        -9959.0   -9961.1     3        -9976.4   -9978.8     6             -19.9        -20.2     23.2
     10        -9952.7   -9955.0     3        -9965.8   -9967.8     5             -15.6        -15.3     24.9
     12        -9956.8   -9958.9     3        -9975.3   -9976.8     4             -21.0        -20.4     23.7
     14        -9960.1   -9962.1     3        -9977.8   -9979.4     3             -20.2        -19.8     24.0
     16        -9958.7   -9961.0     3        -9977.2   -9978.7     5             -20.9        -20.3     24.2
     18        -9955.2   -9957.5     3        -9973.5   -9974.0     2             -20.7        -19.0     24.7
     20        -9955.7   -9958.0     3        -9974.6   -9975.1     2             -21.4        -19.7     24.9
     22        -9961.1   -9963.3     3        -9980.0   -9981.8     2             -21.4        -20.9     23.4
     24        -9963.4   -9965.5     2        -9979.9   -9981.3     2             -19.0        -18.3     24.4
     26        -9962.0   -9964.3     3        -9981.2   -9982.5     3             -21.6        -20.7     24.0
     28        -9959.3   -9961.7     3        -9977.9   -9978.5     1             -21.1        -19.2     24.2
     30        -9961.7   -9964.1     3        -9982.5   -9984.0     2             -23.3        -22.4     25.2
     35        -9965.4   -9967.6     3        -9986.7   -9988.9     2             -23.8        -23.8     25.2
     40        -9969.9   -9971.9     2        -9997.1   -9997.7     3             -29.7        -28.3     24.3
     45        -9975.2   -9977.2     3        -9997.5  -10000.0     2             -24.9        -25.3     24.5
     50        -9980.0   -9982.1     5       -10001.1  -10003.1     6             -23.6        -23.5     23.4
