f0 100 Hz, harmonic 2 mistuned; 300 Adam steps, 128 samples, fft-bass-gain cochleagram, cosine phases, whistle timing inferred, trajectories, harmonic timing inferred
log prior of structure: one source -2.05, two sources -4.54
percent  logZ1_laplace  logZ1_is  ess1  logZ2_laplace  logZ2_is  ess2  log_odds_laplace  log_odds_is  seconds
      0        -9951.0   -9953.5     6        -9963.9   -9967.1     1             -15.4        -16.0     22.6
      1        -9959.2   -9961.1     6        -9982.8   -9984.9     5             -26.1        -26.3     21.2
      2        -9955.1   -9957.2     7        -9966.4  -10010.3     1             -13.8        -55.6     21.3
         note: floored Hessian eigenvalues H1 0, H2 1
      3        -9954.6   -9956.7     7        -9972.7   -9975.7     3             -20.5        -21.5     21.0
      4        -9959.7   -9961.5     6        -9976.2   -9981.0     6             -18.9        -21.9     20.5
      5        -9952.4   -9954.7     4        -9964.7   -9967.9     5             -14.8        -15.7     20.4
      6        -9959.2   -9961.0     6        -9976.0   -9979.4     4             -19.3        -20.9     21.0
      7        -9956.5   -9958.3     5        -9974.9   -9977.7     7             -20.9        -21.9     22.5
      8        -9955.0   -9956.9     6        -9973.1   -9975.6     7             -20.7        -21.2     22.2
      9        -9961.1   -9962.9     6        -9978.2   -9980.8     3             -19.6        -20.4     22.3
     10        -9954.1   -9956.1     5        -9967.3   -9969.6     5             -15.6        -16.0     24.1
     12        -9958.7   -9960.5     5        -9976.5   -9979.1     5             -20.3        -21.0     23.6
     14        -9963.4   -9965.1     6        -9981.5   -9984.5     9             -20.6        -21.8     24.0
     16        -9961.4   -9963.3     6        -9979.8   -9981.7     5             -20.9        -21.0     23.9
     18        -9957.8   -9959.8     5        -9977.5   -9977.9     1             -22.2        -20.6     23.1
     20        -9958.6   -9960.6     4        -9975.4   -9975.6     1             -19.3        -17.5     23.3
     22        -9964.8   -9966.7     6        -9984.2   -9986.8     5             -21.9        -22.5     23.4
     24        -9967.6   -9969.5     6        -9986.0   -9988.5     7             -20.9        -21.5     23.7
     26        -9966.3   -9968.3     7        -9986.3   -9987.9     4             -22.5        -22.1     23.8
     28        -9963.8   -9966.2     6        -9982.4   -9983.0     2             -21.0        -19.3     24.5
     30        -9966.6   -9968.9     8        -9998.7   -9997.8    14             -34.6        -31.4     24.7
     35        -9971.2   -9973.7     9        -9997.9   -9998.1     6             -29.2        -26.9     23.7
     40        -9976.7   -9979.0     8        -9999.6   -9999.2     1             -25.4        -22.7     24.8
     45        -9983.2   -9985.6    10       -10000.2  -10002.0     7             -19.5        -18.8     23.7
     50        -9990.1   -9991.3     7       -10003.6  -10005.2     8             -15.9        -16.3     23.4
