f0 200 Hz, harmonic 2 mistuned; 300 Adam steps, 128 samples, fft-bass-gain cochleagram, cosine phases, whistle timing inferred, trajectories, harmonic timing inferred
log prior of structure: one source -2.05, two sources -4.54
percent  logZ1_laplace  logZ1_is  ess1  logZ2_laplace  logZ2_is  ess2  log_odds_laplace  log_odds_is  seconds
      0        -9955.4   -9959.0     4        -9975.8   -9981.2     2             -22.8        -24.7     23.1
      1        -9958.0   -9959.5     8        -9972.8   -9974.1     3             -17.2        -17.0     21.3
      2        -9955.9   -9958.8     2        -9962.9  -10315.0     1              -9.6       -358.7     21.5
         note: floored Hessian eigenvalues H1 0, H2 1
      3        -9958.3   -9960.2     2        -9972.2   -9975.3     3             -16.4        -17.6     21.6
      4        -9958.0   -9962.2     2        -9971.4   -9974.7     3             -15.9        -15.0     20.9
      5        -9962.9   -9963.9     5        -9975.3   -9976.5     3             -14.9        -15.1     21.0
      6        -9961.1   -9965.7     3        -9972.7   -9978.8     3             -14.1        -15.7     22.0
      7        -9965.7   -9969.3     4        -9979.3   -9982.3     1             -16.1        -15.4     22.6
      8        -9967.5   -9971.7     4        -9999.2   -9997.5     4             -34.1        -28.3     22.8
      9        -9971.3   -9975.2     4       -10000.4   -9999.2     4             -31.6        -26.5     23.2
     10        -9972.9   -9978.4     2       -10001.7   -9997.9     2             -31.4        -22.0     24.1
     12        -9993.8   -9988.7     3       -10002.7   -9999.6     2             -11.4        -13.4     23.5
     14        -9998.3   -9998.5     8       -10003.3   -9999.4     3              -7.4         -3.4     23.7
     16       -10007.5  -10009.5     3       -10004.4  -10002.8     5               0.7          4.2     23.4
     18       -10018.2  -10017.0     1       -10002.9  -10001.4     3              12.9         13.1     23.8
     20       -10027.0  -10029.9     2       -10002.8  -10003.0     6              21.7         24.4     24.2
     22       -10043.1  -10043.5     3       -10002.7  -10005.6     5              37.8         35.5     23.8
     24       -10058.0  -10058.8     9       -10006.7  -10009.3     6              48.8         47.0     24.4
     26       -10067.8  -10659.1     1       -10009.4  -10013.2     3              56.0        643.4     24.7
         note: floored Hessian eigenvalues H1 1, H2 0
     28       -10076.4  -16598.8     1       -10010.7  -10015.1     5              63.2       6581.3     24.8
         note: floored Hessian eigenvalues H1 1, H2 0
     30       -10097.0  -10096.6     7       -10014.5  -10016.2     6              80.0         77.9     23.8
     35       -10113.1  -1480159.4     1       -10012.6  -10332.9     1              98.1    1469824.0     24.3
         note: floored Hessian eigenvalues H1 2, H2 1
     40       -10160.5  -10156.4     1       -10024.2  -10029.3     2             133.9        124.6     23.8
     45       -10189.1  -10184.3     3       -10031.5  -10041.0     1             155.1        140.8     23.9
     50       -10184.2  -10211.5     1       -10037.4  -10045.0     3             144.4        164.0     23.2
         note: floored Hessian eigenvalues H1 1, H2 0
