f0 200 Hz, harmonic 3 mistuned; 300 Adam steps, 128 samples, fft-bass-gain cochleagram, cosine phases, whistle timing inferred, trajectories, harmonic timing inferred
log prior of structure: one source -2.05, two sources -4.54
percent  logZ1_laplace  logZ1_is  ess1  logZ2_laplace  logZ2_is  ess2  log_odds_laplace  log_odds_is  seconds
      0        -9955.4   -9959.0     4        -9970.1   -9990.8     1             -17.2        -34.3     22.5
         note: floored Hessian eigenvalues H1 0, H2 1
      1        -9958.6   -9958.0     2        -9966.5  -10009.8     1             -10.4        -54.3     22.4
         note: floored Hessian eigenvalues H1 0, H2 1
      2        -9959.0   -9959.0     2        -9975.5   -9980.6     1             -19.0        -24.1     23.2
         note: floored Hessian eigenvalues H1 0, H2 1
      3        -9958.4   -9959.5     2        -9978.8   -9985.1     1             -22.9        -28.1     22.7
         note: floored Hessian eigenvalues H1 0, H2 1
      4        -9957.8   -9960.0     2        -9970.5   -9973.7     8             -15.2        -16.3     22.9
      5        -9955.5   -9961.2     3        -9966.5   -9973.7     2             -13.4        -15.0     22.2
      6        -9954.4   -9963.3     2        -9968.3   -9979.9     4             -16.4        -19.0     22.0
      7        -9957.5   -9964.0     4        -9956.0  -51629.8     1              -1.0     -41668.3     22.7
         note: floored Hessian eigenvalues H1 0, H2 2
      8        -9957.0   -9966.6     5        -9958.1      -inf   nan              -3.5         -inf     22.4
         note: floored Hessian eigenvalues H1 0, H2 2
      9        -9958.9   -9968.5     3        -9973.8   -9982.8     4             -17.4        -16.8     22.9
     10        -9961.0   -9970.2     4        -9999.1   -9996.9     5             -40.5        -29.2     22.7
     12        -9970.8   -9974.4     4       -10003.2  -10000.8     2             -35.0        -28.9     23.6
     14        -9974.7   -9979.8    10       -10004.5  -10000.0     6             -32.3        -22.7     23.3
     16        -9979.9   -9984.5     7       -10007.3  -10002.6     2             -29.8        -20.6     24.0
     18        -9987.5   -9990.3     7       -10004.8  -10003.3     9             -19.7        -15.5     22.9
     20        -9995.0   -9996.4     4       -10005.9  -10002.7     2             -13.4         -8.8     22.9
     22       -10006.1  -10005.8     2       -10011.1  -10008.7     5              -7.5         -5.4     24.0
     24       -10013.5  -10012.0     3       -10012.6  -10010.9     4              -1.6         -1.3     24.4
     26       -10019.1  -10017.6     7       -10014.3  -10013.7     6               2.3          1.3     24.2
     28       -10028.8  -10027.9     9       -10015.2  -10015.9     1              11.1          9.5     22.8
     30       -10037.5  -10033.3     3       -10020.0  -10019.1     3              15.0         11.7     22.2
     35       -10057.8  -10054.8     8       -10026.9  -10027.8     3              28.4         24.6     22.7
     40       -10077.5  -10075.4     7       -10039.8  -10036.8     5              35.2         36.1     22.5
     45       -10103.9  -10097.9     5       -10041.5  -16712.9     1              59.9      -6617.5     22.3
         note: floored Hessian eigenvalues H1 0, H2 1
     50       -10101.2  -32641.3     1       -10065.9  -10061.2     6              32.9      22577.6     21.7
         note: floored Hessian eigenvalues H1 1, H2 0
