f0 200 Hz, harmonic 1 mistuned; 300 Adam steps, 128 samples, fft-bass-gain cochleagram, cosine phases, whistle timing inferred, trajectories, harmonic timing inferred
log prior of structure: one source -2.05, two sources -4.54
percent  logZ1_laplace  logZ1_is  ess1  logZ2_laplace  logZ2_is  ess2  log_odds_laplace  log_odds_is  seconds
      0        -9955.4   -9959.0     4        -9973.4   -9978.9     1             -20.5        -22.5     22.9
      1        -9957.9   -9958.9     2        -9985.5   -9989.2     2             -30.1        -32.8     22.5
      2        -9961.0   -9961.5     4        -9976.8   -9976.0     5             -18.2        -17.0     23.6
      3        -9963.4   -9963.5     5        -9971.1   -9979.2     6             -10.2        -18.2     22.8
      4        -9965.8   -9967.0     4        -9986.7   -9988.8     5             -23.5        -24.3     22.7
      5        -9969.6   -9972.0     6        -9985.7   -9988.8     3             -18.5        -19.2     22.0
      6        -9975.6   -9976.6     8        -9987.7   -9988.3     2             -14.7        -14.1     22.7
      7        -9983.3   -9983.7     5        -9987.7   -9990.2     5              -6.8         -9.0     21.7
      8        -9988.6   -9989.2     8        -9986.9   -9988.6     7              -0.7         -1.9     22.0
      9        -9995.9   -9995.6     7        -9986.8   -9988.3     4               6.6          4.8     22.5
     10       -10003.9  -10003.3    15        -9987.8   -9988.2     2              13.7         12.7     23.9
     12       -10021.7  -10019.0     9        -9989.8   -9990.3     8              29.4         26.3     23.3
     14       -10038.4  -10037.4    11        -9988.8   -9989.0     2              47.0         45.9     23.1
     16       -10063.2  -10061.5     9        -9989.9   -9991.1     2              70.9         67.9     23.3
     18       -10092.2  -10089.6     3        -9989.6   -9991.3     3             100.1         95.9     23.3
     20       -10108.5  -10106.5     2        -9988.9   -9990.6     8             117.1        113.4     23.0
     22       -10125.8  -10127.1     6        -9989.3   -9990.3     4             134.0        134.3     23.9
     24       -10146.6  -10146.9     5        -9993.6   -9992.1     7             150.6        152.3     24.7
     26       -10171.0  -10172.8     6        -9989.8   -9990.7     2             178.8        179.7     23.5
     28       -10194.1  -10198.4     2        -9990.5   -9994.2     4             201.1        201.8     22.4
     30       -10208.0  -10209.1     2        -9990.7   -9993.6     7             214.9        213.0     22.3
     35       -10243.6  -10240.8     3        -9989.2   -9994.1     7             251.9        244.2     23.3
     40       -10248.7  -19078.9     1        -9990.0   -9993.6     1             256.2       9082.8     22.8
         note: floored Hessian eigenvalues H1 1, H2 0
     45       -10227.1  -4456713.0     1        -9992.5   -9997.3     5             232.1    4446713.2     23.2
         note: floored Hessian eigenvalues H1 4, H2 0
     50       -10209.3  -4490103.2     1        -9994.1   -9997.9     8             212.7    4480102.8     23.5
         note: floored Hessian eigenvalues H1 4, H2 0
