f0 400 Hz, harmonic 1 mistuned; 300 Adam steps, 128 samples, fft-bass-gain cochleagram, cosine phases, whistle timing inferred, trajectories, harmonic timing inferred
log prior of structure: one source -2.05, two sources -4.54
percent  logZ1_laplace  logZ1_is  ess1  logZ2_laplace  logZ2_is  ess2  log_odds_laplace  log_odds_is  seconds
      0        -9957.5   -9964.2     5        -9977.1   -9989.9     1             -22.1        -28.2     19.9
      1        -9960.6   -9965.3     4        -9968.7  -10126.0     1             -10.6       -163.2     20.6
         note: floored Hessian eigenvalues H1 0, H2 1
      2        -9957.8   -9975.6     4        -9983.5   -9993.3     2             -28.1        -20.2     20.2
      3        -9967.2   -9980.9     3        -9984.3   -9992.2     4             -19.6        -13.8     20.2
      4        -9964.3  -68555.8     1        -9984.7   -9991.8     2             -22.8      58561.5     20.4
         note: floored Hessian eigenvalues H1 1, H2 0
      5        -9999.2   -9999.5     8        -9983.4   -9992.5     2              13.3          4.5     18.6
      6       -10004.8  -10009.0     3        -9985.3   -9993.1     3              17.1         13.4     19.6
      7       -10029.2  -10024.9     1        -9984.3   -9990.4     1              42.4         32.0     19.8
      8       -10043.5  -10050.7     4        -9987.6   -9993.5     3              53.5         54.7     19.4
      9       -10055.7  -10070.7     2        -9985.5   -9993.6     4              67.7         74.6     18.9
     10       -10077.2  -10093.4     2        -9984.1   -9991.7     1              90.6         99.3     19.0
     12       -10135.2  -12412.9     1        -9989.2   -9993.2     3             143.5       2417.2     20.2
         note: floored Hessian eigenvalues H1 1, H2 0
     14       -10184.7  -10237.8     1        -9988.5   -9992.6     1             193.8        242.7     20.1
         note: floored Hessian eigenvalues H1 1, H2 0
     16       -10245.6  -10251.1     1        -9986.5   -9994.7     2             256.7        253.9     20.0
     18       -10317.8  -10320.4     1        -9978.6  -10708.5     1             336.7       -390.6     20.7
         note: floored Hessian eigenvalues H1 0, H2 1
     20       -10373.2  -10376.2     5        -9985.2   -9996.5     3             385.5        377.2     20.7
     22       -10418.9  -55833.1     1        -9990.2   -9995.7     1             426.2      45834.9     20.4
         note: floored Hessian eigenvalues H1 2, H2 0
     24       -10454.5  -542480.1     1        -9987.0   -9996.0     3             465.0     532481.7     21.1
         note: floored Hessian eigenvalues H1 2, H2 0
     26       -10511.9  -10524.4     1        -9986.3  -10000.8     2             523.1        521.1     21.1
     28       -10554.1  -10558.6     4        -9988.9   -9997.8     3             562.7        558.3     21.3
     30       -10558.5  -275045.5     1        -9988.0   -9997.2     2             568.0     265045.8     21.1
         note: floored Hessian eigenvalues H1 2, H2 0
     35       -10595.5  -10588.2     7        -9989.5   -9996.7     4             603.4        589.1     19.7
     40       -10564.2  -10569.6     3        -9989.0   -9996.8     1             572.8        570.3     20.4
     45       -10579.8  -10560.8     2        -9995.5   -9995.1     3             581.7        563.2     19.9
     50       -10495.1  -10486.8     2        -9989.8   -9997.0     2             502.8        487.4     20.0
