f0 400 Hz, harmonic 3 mistuned; 300 Adam steps, 128 samples, fft-bass-gain cochleagram, cosine phases, whistle timing inferred, trajectories, harmonic timing inferred
log prior of structure: one source -2.05, two sources -4.54
percent  logZ1_laplace  logZ1_is  ess1  logZ2_laplace  logZ2_is  ess2  log_odds_laplace  log_odds_is  seconds
      0        -9957.5   -9964.2     5        -9968.6   -9973.5     2             -13.6        -11.8     20.5
      1        -9960.8   -9963.6     4        -9980.6   -9983.4     2             -22.3        -22.3     19.6
         note: floored Hessian eigenvalues H1 0, H2 1
      2        -9960.5   -9965.0     5        -9967.3  -10639.1     1              -9.2       -676.6     19.8
         note: floored Hessian eigenvalues H1 0, H2 1
      3        -9957.3   -9970.5     6        -9970.8   -9980.5     1             -16.0        -12.5     19.2
      4        -9951.5   -9986.3     1        -9952.0  -44314.6     1              -3.1     -34330.8     19.3
         note: floored Hessian eigenvalues H1 0, H2 2
      5        -9959.0   -9974.8     3        -9994.0   -9992.8     1             -37.5        -20.5     19.7
      6        -9961.0   -9976.5     1        -9995.0   -9994.9     4             -36.5        -20.8     20.6
      7        -9960.3   -9985.6     1        -9995.0   -9996.2     4             -37.1        -13.1     20.3
      8        -9979.6   -9980.8     6        -9996.2   -9999.7     5             -19.0        -21.4     19.4
      9        -9979.4   -9986.1     2        -9904.8      -inf   nan              72.2         -inf     20.0
         note: floored Hessian eigenvalues H1 0, H2 9
     10        -9978.9   -9994.6     6        -9994.3   -9999.8     6             -17.8         -7.6     20.5
     12        -9989.1  -10003.5     3        -9995.4  -10001.8     3              -8.8         -0.7     21.5
     14       -10025.5  -10016.5     3        -9998.0  -10008.8     1              25.0          5.3     21.6
     16       -10060.1  -10039.2     1        -9994.2  -10013.0     1              63.4         23.7     21.7
         note: floored Hessian eigenvalues H1 0, H2 1
     18       -10084.1  -10063.3     1       -10002.7  -10018.2     2              79.0         42.7     21.5
     20       -10103.4  -10083.0     2       -10004.9  -10028.1     2              95.9         52.5     20.6
     22       -10111.0  -10093.2     5       -10005.9  -23817.4     1             102.6     -13726.7     20.4
         note: floored Hessian eigenvalues H1 0, H2 1
     24       -10116.1  -10100.8     8       -10017.2  -10022.7     1              96.4         75.6     20.5
     26       -10128.8  -10116.0    11       -10058.4  -10041.9     4              67.9         71.6     20.6
     28       -10150.5  -10137.4     7       -10035.3  -10037.4     3             112.7         97.5     20.8
     30       -10169.5  -10155.1    11       -10052.8  -10044.2     3             114.2        108.4     20.1
     35       -10245.4  -10224.6     3       -10066.6  -10055.8     9             176.4        166.3     20.3
     40       -10287.7  -10265.5     2       -10082.8  -10069.6     1             202.4        193.4     20.0
     45       -10260.2  -10253.5     3       -10088.2  -10077.0     2             169.5        174.0     20.6
     50       -10273.3  -10266.7    16       -10073.2  -10082.8     3             197.6        181.4     20.6
