f0 100 Hz, harmonic 2 mistuned; 300 Adam steps, 128 samples
log prior of structure: one source -2.05, two sources -4.54
percent  logZ1_laplace  logZ1_is  ess1  logZ2_laplace  logZ2_is  ess2  log_odds_laplace  log_odds_is  seconds
     11        -9951.1   -9951.1   123        -9946.1   -9946.1   112               2.5          2.5     71.9
     12        -9956.2   -9956.1   123        -9945.7   -9945.6   112               8.0          8.0     73.4
     13        -9961.7   -9961.7   126        -9947.4   -9947.3   101              11.9         11.9     74.2
     14        -9969.5   -9969.3    53        -9949.9   -9949.8    95              17.0         16.9     72.4
     15        -9974.4   -9974.4   125        -9949.7   -9949.5    74              22.2         22.4     72.7
     16        -9981.8   -9981.7    98        -9952.1   -9951.9   100              27.2         27.3     70.4
     17        -9988.6   -9988.5    82        -9953.3   -9952.9    42              32.8         33.1     71.7
     18        -9995.6   -9995.6   119        -9955.1   -9955.0    81              38.0         38.1     69.6
     19       -10003.5  -10003.3    99        -9957.7   -9957.6    38              43.3         43.2     72.0
