f0 100 Hz, harmonic 3 mistuned; 300 Adam steps, 128 samples
log prior of structure: one source -2.05, two sources -4.54
percent  logZ1_laplace  logZ1_is  ess1  logZ2_laplace  logZ2_is  ess2  log_odds_laplace  log_odds_is  seconds
     11        -9935.4   -9935.3   127        -9944.2   -9944.1   109             -11.3        -11.3     74.8
     12        -9937.4   -9937.4   127        -9943.2   -9942.9    16              -8.3         -8.0     71.6
     13        -9940.3   -9940.3   127        -9944.2   -9944.2    99              -6.4         -6.4     73.9
     14        -9944.5   -9944.5   124        -9946.4   -9946.4   105              -4.4         -4.4     70.4
     15        -9946.8   -9946.8   127        -9945.6   -9945.0    13              -1.2         -0.7     70.9
     16        -9951.7   -9951.7   125        -9947.6   -9947.5   108               1.6          1.6     75.0
     17        -9955.0   -9955.0   122        -9948.4   -9948.2    68               4.1          4.3     75.6
     18        -9958.9   -9958.8   127        -9949.5   -9949.4    97               6.8          7.0     75.0
     19        -9964.0   -9963.9   102        -9951.9   -9952.0   103               9.7          9.5     73.9
