f0 200 Hz, harmonic 3 mistuned; 300 Adam steps, 128 samples
log prior of structure: one source -2.05, two sources -4.54
percent  logZ1_laplace  logZ1_is  ess1  logZ2_laplace  logZ2_is  ess2  log_odds_laplace  log_odds_is  seconds
     11        -9951.4   -9951.2    95        -9949.2   -9948.8    45              -0.3         -0.1     73.5
     12        -9956.4   -9956.2    87        -9951.4   -9951.0    49               2.5          2.7     68.9
     13        -9962.3   -9961.7    48        -9952.1   -9951.7    51               7.7          7.6     71.5
     14        -9968.3   -9967.9    63        -9953.3   -9952.8    42              12.5         12.6     71.8
     15        -9974.9   -9974.6    72        -9955.3   -9954.5    18              17.1         17.5     72.6
     16        -9981.3   -9981.0    81        -9957.0   -9956.0    17              21.8         22.5     72.7
     17        -9987.9   -9987.7    94        -9959.5   -9958.6    17              25.9         26.6     73.4
     18        -9995.2   -9994.9   106        -9960.9   -9960.2    32              31.8         32.2     73.6
     19       -10003.1  -10002.9   112        -9962.6   -9961.5    36              38.0         39.0     73.4
