f0 400 Hz, harmonic 2 mistuned; 300 Adam steps, 128 samples
log prior of structure: one source -2.05, two sources -4.54
percent  logZ1_laplace  logZ1_is  ess1  logZ2_laplace  logZ2_is  ess2  log_odds_laplace  log_odds_is  seconds
      1        -9921.1   -9921.1   126        -9928.1   -9926.9    10              -9.4         -8.3     77.0
      2        -9923.9   -9923.9   127        -9930.5   -9930.2    16              -9.0         -8.8     76.1
      3        -9928.5   -9928.4   127        -9935.6   -9934.7     8              -9.6         -8.7     76.2
      4        -9934.2   -9934.2   127        -9941.1   -9940.0     8              -9.4         -8.3     75.4
      6        -9950.2   -9950.2   127        -9939.3   -9938.8    18               8.3          8.9     75.6
      7        -9960.3   -9960.3   127        -9937.7   -9936.8    46              20.1         21.0     76.9
      8        -9971.8   -9971.8   127        -9939.7   -9939.0    29              29.7         30.4     75.9
      9        -9984.7   -9984.7   127        -9941.1   -9940.4    32              41.1         41.8     76.7
