f0 100 Hz, harmonic 3 mistuned; 300 Adam steps, 128 samples, fft cochleagram, cosine phases, whistle timing inferred
log prior of structure: one source -2.05, two sources -4.54
percent  logZ1_laplace  logZ1_is  ess1  logZ2_laplace  logZ2_is  ess2  log_odds_laplace  log_odds_is  seconds
      0        -9918.3   -9919.0    78        -9920.5  -10018.0     1              -4.6       -101.5      5.9
         note: floored Hessian eigenvalues H1 0, H2 1
      1        -9939.2   -9935.1    11        -9944.0   -9944.5    28              -7.2        -11.9      4.6
      2        -9932.2   -9929.8    15        -9942.3   -9942.1    21             -12.7        -14.8      4.7
      3        -9930.3   -9928.5    25        -9941.6   -9940.3     4             -13.7        -14.3      4.5
      4        -9939.8   -9935.4    15        -9944.8   -9943.5     3              -7.5        -10.6      4.9
      5        -9919.4   -9920.1    75        -9931.7   -9930.7     4             -14.8        -13.2      4.6
      6        -9938.7   -9934.8    16        -9944.0   -9942.4     2              -7.8        -10.0      4.6
      7        -9933.9   -9931.1    13        -9942.4   -9940.7     3             -11.1        -12.1      4.8
      8        -9929.4   -9928.2    32        -9941.7   -9939.7     2             -14.7        -14.0      4.8
      9        -9940.8   -9936.4    15        -9944.7   -9943.0     1              -6.4         -9.1      4.6
     10        -9921.6   -9922.0    82        -9938.3   -9937.3    26             -19.3        -17.8      4.6
     12        -9935.9   -9933.0    14        -9943.7   -9941.8     2             -10.3        -11.3      4.8
     14        -9941.9   -9937.7    15        -9945.6   -9944.3     2              -6.2         -9.1      4.6
     16        -9939.1   -9935.8    16        -9945.0   -9944.0     3              -8.4        -10.6      4.4
     18        -9928.8   -9928.5    59        -9943.5   -9941.4     2             -17.2        -15.3      4.7
     20        -9928.6   -9928.4    64        -9943.9   -9942.6     3             -17.7        -16.6      4.8
     22        -9941.3   -9938.4    17        -9948.2   -9946.7     4              -9.3        -10.8      4.7
     24        -9945.1   -9941.4    16        -9949.7   -9948.8     3              -7.1         -9.9      4.6
     26        -9941.5   -9939.1    18        -9948.9   -9948.8    15             -10.0        -12.2      4.6
     28        -9930.5   -9930.7    74        -9948.8   -9947.7    24             -20.7        -19.4      4.5
     30        -9938.6   -9937.8    33        -9950.3   -9949.4    11             -14.2        -14.1      4.3
     35        -9942.7   -9942.1    38        -9953.9   -9953.1     7             -13.7        -13.5      4.6
     40        -9947.7   -9946.9    39        -9958.1   -9957.3     6             -12.9        -12.8      4.4
     45        -9953.4   -9952.6    54        -9961.4   -9960.5    15             -10.4        -10.4      4.7
     50        -9956.6   -9956.2    38        -9963.8   -9964.0    28              -9.6        -10.3      4.6
