f0 100 Hz, harmonic 2 mistuned; 300 Adam steps, 128 samples, fft cochleagram, cosine phases, whistle timing inferred
log prior of structure: one source -2.05, two sources -4.54
percent  logZ1_laplace  logZ1_is  ess1  logZ2_laplace  logZ2_is  ess2  log_odds_laplace  log_odds_is  seconds
      0        -9918.3   -9919.0    78        -9922.6  -10406.4     1              -6.7       -489.9      5.9
         note: floored Hessian eigenvalues H1 0, H2 1
      1        -9934.9   -9934.8   100        -9943.1   -9943.5    38             -10.7        -11.2      4.5
      2        -9931.7   -9930.2    15        -9942.7   -9941.5    13             -13.5        -13.8      4.6
      3        -9930.6   -9929.3    18        -9941.3   -9941.0    31             -13.2        -14.2      4.6
      4        -9937.1   -9936.5     3        -9946.1   -9945.2     7             -11.5        -11.1      4.5
      5        -9920.2   -9920.5    61        -9932.9   -9931.8    11             -15.1        -13.7      4.6
      6        -9936.3   -9935.8     4        -9945.2   -9944.5     9             -11.4        -11.2      4.7
      7        -9932.4   -9932.0     6        -9943.4   -9941.9     3             -13.5        -12.4      4.6
      8        -9929.7   -9929.3    20        -9941.2   -9940.9    28             -14.0        -14.1      4.9
      9        -9937.5   -9937.4   101        -9946.8   -9946.1     6             -11.8        -11.2      4.7
     10        -9922.6   -9923.0    75        -9939.9   -9938.0     4             -19.7        -17.4      4.5
     12        -9934.5   -9934.3     7        -9944.9   -9943.8     2             -13.0        -12.0      4.6
     14        -9939.4   -9940.0    44        -9948.5   -9947.7     4             -11.5        -10.2      4.7
     16        -9937.4   -9937.3     9        -9947.2   -9947.0    34             -12.3        -12.1      4.5
     18        -9930.4   -9930.1    20        -9944.2   -9943.1     3             -16.3        -15.4      4.6
     20        -9930.4   -9930.3    20        -9945.6   -9944.0     2             -17.6        -16.2      4.7
     22        -9940.0   -9940.6    50        -9950.9   -9950.1     4             -13.4        -12.0      4.8
     24        -9944.0   -9943.7    41        -9951.3   -9951.5     5              -9.8        -10.3      4.6
     26        -9940.8   -9941.2    55        -9952.4   -9952.1    18             -14.1        -13.3      4.5
     28        -9933.9   -9933.8    33        -9950.6   -9949.4     4             -19.2        -18.1      4.7
     30        -9939.5   -9939.3    44        -9953.3   -9952.6     3             -16.3        -15.8      4.8
     35        -9944.1   -9944.0    45        -9957.8   -9957.4     6             -16.2        -15.9      4.6
     40        -9950.5   -9950.2    52        -9960.0   -9959.4    11             -12.0        -11.7      4.5
     45        -9957.0   -9956.6    67        -9962.4   -9961.8    30              -7.9         -7.6      5.0
     50        -9963.0   -9962.7    68        -9965.2   -9964.4     6              -4.7         -4.2      4.7
