f0 100 Hz, harmonic 1 mistuned; 300 Adam steps, 128 samples, fft cochleagram, cosine phases, whistle timing inferred
log prior of structure: one source -2.05, two sources -4.54
percent  logZ1_laplace  logZ1_is  ess1  logZ2_laplace  logZ2_is  ess2  log_odds_laplace  log_odds_is  seconds
      0        -9918.3   -9919.0    78        -9930.6   -9931.6     1             -14.7        -15.1      6.4
      1        -9927.7   -9927.4   104        -9936.4  -10114.0     1             -11.2       -189.1      4.6
         note: floored Hessian eigenvalues H1 0, H2 1
      2        -9926.5   -9926.0    63        -9942.0   -9941.0    30             -18.0        -17.5      5.1
      3        -9926.5   -9926.1    93        -9942.0   -9941.1    29             -18.0        -17.5     30.3
      4        -9931.2   -9931.0   112        -9945.7   -9945.3    50             -17.0        -16.8      4.9
      5        -9923.4   -9923.3    15        -9938.8   -9936.9     7             -17.8        -16.1      5.4
      6        -9932.1   -9931.9   116        -9946.7   -9945.5    16             -17.1        -16.1      5.5
      7        -9932.0   -9931.7   115        -9947.2   -9946.4    29             -17.7        -17.1      5.0
      8        -9931.8   -9931.4   109        -9947.0   -9946.4    34             -17.7        -17.4      5.3
      9        -9938.3   -9938.2   119        -9950.7   -9949.8    10             -14.8        -14.1      4.9
     10        -9932.8   -9932.6    52        -9952.1   -9951.6    20             -21.8        -21.5      4.7
     12        -9942.8   -9942.6   118        -9952.4   -9951.2     7             -12.1        -11.1      4.7
     14        -9951.7   -9951.4    79        -9952.6   -9951.0     3              -3.4         -2.2      4.8
     16        -9958.2   -9957.8    62        -9952.8   -9951.8     8               2.9          3.5      4.7
     18        -9965.0   -9964.8    67        -9954.9   -9954.3    10               7.6          8.0      4.7
     20        -9971.7   -9971.6    70        -9957.0   -9956.5    20              12.2         12.6      4.9
     22        -9974.7   -9974.6    65        -9955.3   -9954.3    24              16.9         17.8      4.6
     24        -9976.3   -9976.1    68        -9955.0   -9953.4     3              18.8         20.3      4.7
     26        -9975.9   -9975.7    56        -9955.1   -9954.3    16              18.3         18.9      4.6
     28        -9975.4   -9975.3    61        -9956.6   -9955.9    14              16.3         16.9      4.6
     30        -9980.8   -9980.7    76        -9956.0   -9955.8    15              22.4         22.4      4.5
     35        -9996.4   -9996.3    70        -9959.4   -9958.6    13              34.4         35.2      4.8
     40       -10013.0  -10012.7    60        -9962.7   -9962.2    17              47.8         48.1      4.8
     45       -10012.2  -10012.0    66        -9961.9   -9961.2    26              47.8         48.3      4.8
     50       -10016.9  -10016.6    73        -9962.2   -9961.5    11              52.2         52.6      4.7
