f0 200 Hz, harmonic 2 mistuned; 300 Adam steps, 128 samples, fft cochleagram, cosine phases, whistle timing inferred
log prior of structure: one source -2.05, two sources -4.54
percent  logZ1_laplace  logZ1_is  ess1  logZ2_laplace  logZ2_is  ess2  log_odds_laplace  log_odds_is  seconds
      0        -9919.8   -9920.0   115        -9937.1   -9937.2    13             -19.8        -19.7      5.6
      1        -9920.8   -9920.6    76        -9934.3   -9934.3    11             -16.0        -16.1      4.5
      2        -9922.2   -9922.0    68        -9937.3   -9934.3     2             -17.6        -14.8      4.4
      3        -9922.8   -9922.7    84        -9937.2   -9934.8     5             -16.9        -14.6      4.3
      4        -9924.0   -9923.9   108        -9936.4   -9933.5     2             -14.9        -12.1      4.7
      5        -9926.0   -9926.0   113        -9940.0   -9936.9     1             -16.5        -13.4      4.5
      6        -9928.6   -9928.5   106        -9941.9   -9938.9     2             -15.8        -12.9      4.6
      7        -9932.1   -9931.9    84        -9944.6   -9942.9     8             -15.0        -13.6      4.6
      8        -9934.5   -9934.4   106        -9957.1   -9955.4    10             -25.1        -23.5      4.4
      9        -9937.9   -9937.9   117        -9956.7   -9955.0     3             -21.2        -19.6      4.5
     10        -9941.6   -9941.6   115        -9957.5   -9955.3     4             -18.3        -16.2      4.4
     12        -9950.8   -9950.3    82        -9957.6   -9956.8    11              -9.3         -8.9      4.3
     14        -9961.9   -9961.8   118        -9958.3   -9956.8    13               1.1          2.5      4.3
     16        -9973.6   -9973.3    34        -9960.2   -9958.3     5              10.9         12.5      4.3
     18        -9984.9   -9984.7    69        -9960.3   -9958.6     5              22.1         23.6      4.4
     20        -9997.0   -9996.8    61        -9961.5   -9959.3     2              33.0         35.0      4.3
     22       -10008.2  -10007.9    53        -9965.1   -9963.6    12              40.6         41.9      4.4
     24       -10028.2  -10028.1    63        -9967.7   -9966.2     7              58.1         59.4      4.5
     26       -10039.7  -10039.3    18        -9972.1   -9970.8    20              65.1         66.0      4.4
     28       -10050.7  -10050.5    59        -9972.3   -9970.7     4              75.9         77.3      4.4
     30       -10063.2  -10062.9    34        -9972.8   -9972.0    29              87.8         88.5      4.4
     35       -10102.9  -10102.7    85        -9984.2   -9982.8    25             116.2        117.5      4.4
     40       -10128.5  -10128.2    85        -9990.8   -9989.6    31             135.2        136.1      4.3
     45       -10158.5  -10157.9    56       -10000.2   -9997.1     2             155.8        158.2      4.4
     50       -10160.4  -10159.6    32       -10003.3  -10002.2    11             154.6        154.9      4.5
