f0 200 Hz, harmonic 3 mistuned; 300 Adam steps, 128 samples, fft cochleagram, cosine phases, whistle timing inferred
log prior of structure: one source -2.05, two sources -4.54
percent  logZ1_laplace  logZ1_is  ess1  logZ2_laplace  logZ2_is  ess2  log_odds_laplace  log_odds_is  seconds
      0        -9919.8   -9920.0   115        -9936.8   -9935.0     1             -19.5        -17.5      5.8
      1        -9920.0   -9920.1   115        -9933.3   -9930.5     2             -15.8        -12.9      4.5
      2        -9920.8   -9920.9   109        -9923.7      -inf   nan              -5.4         -inf      4.5
         note: floored Hessian eigenvalues H1 0, H2 1
      3        -9921.3   -9921.4   113        -9933.7   -9932.5    12             -14.8        -13.6      4.5
      4        -9921.9   -9921.9   118        -9934.3   -9931.4     2             -14.9        -12.0      4.5
      5        -9922.8   -9922.8   119        -9914.2      -inf   nan               6.1         -inf      4.6
         note: floored Hessian eigenvalues H1 0, H2 2
      6        -9923.9   -9923.9   116        -9937.3   -9934.3     1             -15.9        -12.9      4.4
      7        -9925.9   -9925.8   107        -9939.6   -9936.6     1             -16.2        -13.2      4.4
      8        -9926.9   -9926.9   118        -9938.9   -9935.9     1             -14.5        -11.4      4.4
      9        -9928.7   -9928.6   118        -9951.1   -9949.1    16             -24.9        -23.0      4.4
     10        -9930.5   -9930.5   120        -9953.4   -9950.0     1             -25.4        -22.0      4.4
     12        -9935.7   -9935.6   105        -9955.6   -9952.8     1             -22.3        -19.7      4.7
     14        -9940.5   -9940.5   122        -9959.2   -9956.6     3             -21.2        -18.6      4.4
     16        -9945.7   -9945.6   112        -9958.2   -9956.8     3             -15.0        -13.7      4.4
     18        -9951.9   -9951.9   120        -9961.0   -9959.7    33             -11.5        -10.3      4.5
     20        -9958.9   -9958.8   120        -9961.9   -9961.1    44              -5.5         -4.8      4.5
     22        -9967.3   -9967.1    96        -9966.7   -9965.4    29              -1.9         -0.8      4.4
     24        -9975.3   -9975.2   122        -9969.3   -9967.0     2               3.5          5.7      4.4
     26        -9982.5   -9982.2    53        -9972.4   -9969.9     1               7.7          9.8      4.6
     28        -9990.5   -9990.4   120        -9975.9   -9972.6     2              12.1         15.3      4.4
     30        -9999.2   -9999.0   107        -9979.3   -9978.4    48              17.4         18.1      4.6
     35       -10021.2  -10021.0   102        -9988.4   -9987.6    49              30.3         30.9      4.5
     40       -10042.1  -10041.9    98        -9998.2   -9996.2     7              41.5         43.3      4.5
     45       -10062.6  -10062.4    75       -10010.6  -10007.7     1              49.5         52.2      4.6
     50       -10080.0  -10079.5    60       -10017.2  -10012.6     1              60.3         64.4      4.6
