f0 200 Hz, harmonic 1 mistuned; 300 Adam steps, 128 samples, fft cochleagram, cosine phases, whistle timing inferred
log prior of structure: one source -2.05, two sources -4.54
percent  logZ1_laplace  logZ1_is  ess1  logZ2_laplace  logZ2_is  ess2  log_odds_laplace  log_odds_is  seconds
      0        -9919.8   -9920.0   115        -9936.6   -9936.1     4             -19.3        -18.7      5.6
      1        -9921.7   -9921.4    49        -9933.0   -9931.1     9             -13.8        -12.2      4.5
      2        -9924.1   -9923.9    76        -9938.5   -9935.1     3             -16.9        -13.8      4.5
      3        -9926.4   -9926.2    82        -9947.9   -9946.2     8             -24.0        -22.5      4.4
      4        -9930.3   -9930.1    89        -9947.1   -9946.3    22             -19.3        -18.7      4.4
      5        -9935.6   -9935.5   101        -9947.8   -9945.7     5             -14.6        -12.7      4.3
      6        -9942.3   -9942.0    50        -9948.1   -9947.1    18              -8.3         -7.6      4.3
      7        -9948.7   -9948.6   120        -9948.3   -9947.3     8              -2.2         -1.1      4.4
      8        -9957.9   -9957.8   119        -9948.1   -9946.6     9               7.3          8.8      4.4
      9        -9967.0   -9966.9   119        -9947.7   -9946.5     9              16.7         17.9      4.5
     10        -9973.4   -9973.4   119        -9947.6   -9946.5    15              23.3         24.4      4.4
     12        -9990.7   -9990.7   119        -9949.2   -9948.1    22              39.0         40.1      4.4
     14       -10012.7  -10012.8   119        -9948.2   -9946.9     6              62.1         63.4      4.3
     16       -10042.3  -10042.3   119        -9948.7   -9948.1    11              91.1         91.7      4.5
     18       -10078.9  -10078.8   119        -9950.7   -9949.5     8             125.7        126.8      4.5
     20       -10099.1  -10099.0   119        -9950.6   -9948.8     2             146.0        147.8      4.4
     22       -10120.5  -10120.5   118        -9951.7   -9950.2     8             166.3        167.7      4.4
     24       -10147.6  -10147.6   117        -9952.0   -9951.3    20             193.1        193.8      4.5
     26       -10182.3  -10182.2   117        -9952.6   -9952.6    16             227.3        227.2      4.7
     28       -10218.3  -10218.3   115        -9955.5   -9954.0     4             260.3        261.8      4.5
     30       -10230.8  -10230.7   113        -9955.7   -9954.4     9             272.7        273.9      4.4
     35       -10272.5  -10272.3   107        -9957.1   -9955.5     4             312.9        314.4      4.3
     40       -10304.4  -10304.2   100        -9960.8   -9959.1    10             341.1        342.6      4.3
     45       -10305.3  -10304.9    79        -9961.2   -9960.3    34             341.6        342.1      4.4
     50       -10275.4  -10275.1    93        -9964.3   -9963.4    40             308.5        309.1      4.3
