f0 400 Hz, harmonic 1 mistuned; 300 Adam steps, 128 samples, fft cochleagram, cosine phases, whistle timing inferred
log prior of structure: one source -2.05, two sources -4.54
percent  logZ1_laplace  logZ1_is  ess1  logZ2_laplace  logZ2_is  ess2  log_odds_laplace  log_odds_is  seconds
      0        -9920.0   -9920.1   120        -9938.1   -9938.8     3             -20.6        -21.2      5.4
      1        -9922.3   -9922.0   101        -9937.5   -9934.9    22             -17.7        -15.3      4.4
      2        -9926.8   -9926.8   121        -9944.9   -9943.6    27             -20.6        -19.3      4.3
      3        -9938.5   -9938.4   109        -9943.8   -9943.3    13              -7.8         -7.4      4.3
      4        -9949.4   -9949.4   118        -9944.3   -9943.2    34               2.6          3.7      4.3
      5        -9962.4   -9962.3    88        -9944.5   -9943.2    22              15.5         16.6      4.4
      6        -9978.5   -9978.2    59        -9945.9   -9944.3    18              30.2         31.4      4.6
      7        -9998.4   -9998.0    37        -9945.2   -9943.8    27              50.8         51.7      4.3
      8       -10028.6  -10028.2    32        -9946.3   -9944.9    23              79.9         80.8      4.4
      9       -10050.6  -10050.1    40        -9945.1   -9943.9    26             103.0        103.7      4.4
     10       -10074.7  -10074.4    74        -9945.1   -9943.8    21             127.0        128.1      4.5
     12       -10140.8  -10140.2    52        -9946.9   -9945.7    36             191.4        192.0      4.3
     14       -10212.9  -10212.4    21        -9946.4   -9945.4    26             264.1        264.5      4.4
     16       -10279.8  -10279.5    62        -9945.4   -9945.1    21             331.9        331.9      4.4
     18       -10374.2  -10373.7    54        -9948.5   -9947.8    50             423.2        423.4      4.2
     20       -10444.5  -10444.2    68        -9950.3   -9948.9    26             491.8        492.8      4.2
     22       -10538.9  -10538.4    57        -9951.3   -9949.5    23             585.1        586.4      4.1
     24       -10616.3  -10616.0    75        -9951.7   -9950.5    31             662.2        662.9      4.2
     26       -10687.7  -10687.3    71        -9952.2   -9951.0    31             733.0        733.8      4.1
     28       -10774.2  -10773.8    72        -9954.1   -9952.9    34             817.6        818.4      4.1
     30       -10826.7  -10826.4    47        -9954.0   -9952.7    33             870.2        871.2      4.3
     35       -10889.7  -10889.4    65        -9955.7   -9953.8    16             931.5        933.1      4.2
     40       -10836.2  -10835.1     3        -9955.5   -9954.9    29             878.2        877.7      4.3
     45       -10716.2  -10715.0    15        -9955.2   -9954.1    38             758.6        758.4      4.1
     50       -10600.7  -10600.2    93        -9955.7   -9954.8    28             642.5        642.9      4.3
