f0 400 Hz, harmonic 2 mistuned; 300 Adam steps, 128 samples, fft cochleagram, cosine phases, whistle timing inferred
log prior of structure: one source -2.05, two sources -4.54
percent  logZ1_laplace  logZ1_is  ess1  logZ2_laplace  logZ2_is  ess2  log_odds_laplace  log_odds_is  seconds
      0        -9920.0   -9920.1   120        -9936.5   -9936.9     5             -19.0        -19.2      5.1
      1        -9921.1   -9921.0   116        -9936.0   -9933.6    21             -17.4        -15.1      4.2
      2        -9922.5   -9922.4   111        -9935.7   -9933.8    16             -15.6        -13.8      4.2
      3        -9924.7   -9924.9   113        -9939.8   -9938.1    11             -17.6        -15.6      4.2
      4        -9928.3   -9928.6   113        -9948.0   -9945.6    11             -22.2        -19.5      4.1
      5        -9934.0   -9933.9   118        -9953.0   -9951.9    30             -21.5        -20.5      4.2
      6        -9940.9   -9940.9   124        -9950.9   -9949.7    34             -12.5        -11.2      4.2
      7        -9947.5   -9947.5   125        -9951.3   -9950.4    44              -6.3         -5.4      4.2
      8        -9954.8   -9955.2   105        -9952.1   -9951.7    57               0.2          1.1      4.0
      9        -9964.9   -9964.4    58        -9951.1   -9949.3    24              11.4         12.7      4.1
     10        -9976.5   -9976.4   122        -9952.7   -9951.8    40              21.3         22.1      4.2
     12       -10000.2  -10000.1   117        -9954.0   -9952.6    26              43.7         45.0      4.3
     14       -10025.9  -10025.8   116        -9955.1   -9953.8    20              68.3         69.6      4.2
     16       -10059.3  -10059.2   108        -9959.0   -9957.3    18              97.8         99.4      4.1
     18       -10088.5  -10088.3    80        -9960.4   -9959.0    18             125.7        126.8      4.1
     20       -10126.4  -10125.6    30        -9964.1   -9962.9    30             159.8        160.3      4.3
     22       -10159.0  -10157.9    15        -9967.1   -9965.4    14             189.4        190.0      4.1
     24       -10192.7  -10192.5   104        -9970.6   -9969.1    33             219.6        220.9      4.1
     26       -10232.7  -10232.5    94        -9974.7   -9973.3    28             255.5        256.7      4.2
     28       -10264.7  -10264.5    70        -9977.2   -9975.8    35             285.0        286.2      4.1
     30       -10307.1  -10306.7    29        -9982.1   -9980.8    38             322.5        323.5      4.2
     35       -10374.0  -10373.6    44        -9989.1   -9987.8    38             382.5        383.3      4.1
     40       -10408.5  -10408.1    51        -9995.4   -9994.0    22             410.6        411.6      4.2
     45       -10416.8  -10416.0    26       -10002.5  -10001.2    42             411.9        412.3      4.2
     50       -10394.1  -10392.0     4       -10005.9  -10004.5    34             385.7        385.1      4.3
