f0 400 Hz, harmonic 3 mistuned; 300 Adam steps, 128 samples, fft cochleagram, cosine phases, whistle timing inferred
log prior of structure: one source -2.05, two sources -4.54
percent  logZ1_laplace  logZ1_is  ess1  logZ2_laplace  logZ2_is  ess2  log_odds_laplace  log_odds_is  seconds
      0        -9920.0   -9920.1   120        -9933.7   -9931.6    19             -16.1        -13.9      5.3
      1        -9920.5   -9920.4   117        -9935.8   -9933.2    25             -17.8        -15.3      4.2
      2        -9921.3   -9921.2   111        -9934.7   -9932.8    13             -15.9        -14.1      4.2
      3        -9922.9   -9922.8    98        -9942.0   -9938.9     3             -21.5        -18.6      4.2
      4        -9925.0   -9924.8    86        -9939.9   -9938.0    14             -17.4        -15.7      4.6
      5        -9927.3   -9927.1    78        -9946.2   -9943.4     7             -21.4        -18.9      4.2
      6        -9930.0   -9929.9    92        -9948.1   -9945.5     9             -20.6        -18.2      4.2
      7        -9933.5   -9933.4   117        -9951.7   -9949.0    14             -20.7        -18.1      4.3
      8        -9938.1   -9938.0   113        -9953.2   -9951.4    25             -17.6        -15.8      4.3
      9        -9942.4   -9942.2    91        -9953.2   -9951.8    21             -13.3        -12.1      4.3
     10        -9946.9   -9946.6    80        -9953.4   -9951.6    26              -9.1         -7.6      4.3
     12        -9957.2   -9957.0    80        -9958.2   -9955.9     9              -3.6         -1.4      4.4
     14        -9970.6   -9969.8    17        -9958.7   -9957.1    29               9.3         10.2      4.2
     16        -9982.9   -9983.0    68        -9962.9   -9960.9    16              17.5         19.6      4.4
     18       -10000.9  -10000.0    16        -9968.5   -9967.0    22              29.9         30.5      4.4
     20       -10016.5  -10015.4    13        -9971.4   -9969.2    15              42.7         43.7      4.3
     22       -10032.6  -10032.9   114        -9978.9   -9977.4    19              51.2         53.0      4.2
     24       -10051.7  -10051.9   119        -9981.2   -9979.7    31              68.1         69.8      4.3
     26       -10070.0  -10070.1   119        -9985.6   -9984.1    28              81.9         83.5      4.4
     28       -10092.3  -10092.4   117        -9992.4   -9991.1    26              97.4         98.8      4.3
     30       -10109.4  -10109.4   117        -9997.3   -9995.8    30             109.6        111.1      4.2
     35       -10157.7  -10156.7    16       -10010.5  -10009.2    48             144.7        145.1      4.3
     40       -10199.6  -10199.0    19       -10025.1  -10023.6    38             172.0        173.0      4.5
     45       -10234.1  -10234.0    38       -10037.7  -10036.1    42             194.0        195.4      4.3
     50       -10258.0  -10258.1   124       -10046.8  -10044.5    16             208.7        211.1      4.4
