f0 100 Hz, harmonic 2 mistuned; 300 Adam steps, 128 samples
log prior of structure: one source -2.05, two sources -4.54
percent  logZ1_laplace  logZ1_is  ess1  logZ2_laplace  logZ2_is  ess2  log_odds_laplace  log_odds_is  seconds
      0        -9918.9   -9918.9   127        -9924.8   -9924.8     8              -8.4         -8.4     75.1
      5        -9925.7   -9925.6   127        -9931.6   -9931.5    35              -8.5         -8.3     73.3
     10        -9945.0   -9945.0   127        -9944.2   -9944.2   102              -1.7         -1.7     74.2
     20       -10010.7  -10010.7   109        -9959.0   -9958.7    55              49.3         49.5     75.5
     30       -10094.5  -10094.3    94        -9983.6   -9983.2    56             108.4        108.6     75.5
     40       -10172.7  -10172.5    90       -10007.8  -10007.1    40             162.4        163.0     74.5
     50       -10216.0  -10215.3    42       -10035.1  -10034.5    51             178.4        178.4     75.2
