f0 100 Hz, harmonic 1 mistuned; 300 Adam steps, 128 samples
log prior of structure: one source -2.05, two sources -4.54
percent  logZ1_laplace  logZ1_is  ess1  logZ2_laplace  logZ2_is  ess2  log_odds_laplace  log_odds_is  seconds
      0        -9918.9   -9918.9   127        -9924.7   -9924.8    12              -8.2         -8.4     81.6
      5        -9931.8   -9931.8   127        -9938.5   -9937.4    17              -9.1         -8.1     73.3
     10        -9968.1   -9968.1   127        -9940.6   -9939.6    46              25.0         25.9     73.7
     20       -10090.4  -10090.3   122        -9943.4   -9942.7    42             144.5        145.1     74.1
     30       -10218.7  -10218.5    97        -9950.8   -9950.1    48             265.4        265.9     78.1
     40       -10284.2  -10283.7    64        -9957.1   -9956.3    45             324.6        324.9     95.1
     50       -10256.3  -10255.3    42        -9963.6   -9962.2    31             290.2        290.6    116.0
