f0 100 Hz, harmonic 3 mistuned; 300 Adam steps, 128 samples
log prior of structure: one source -2.05, two sources -4.54
percent  logZ1_laplace  logZ1_is  ess1  logZ2_laplace  logZ2_is  ess2  log_odds_laplace  log_odds_is  seconds
      0        -9918.9   -9918.9   127        -9924.9   -9924.7    11              -8.5         -8.3     73.9
      5        -9922.1   -9922.1   127        -9927.9   -9927.8    32              -8.3         -8.2     74.4
     10        -9931.6   -9931.5   127        -9942.7   -9942.6    93             -13.7        -13.6     74.9
     20        -9967.2   -9967.1   126        -9952.3   -9951.1     5              12.4         13.6     74.5
     30       -10014.6  -10014.5   111        -9973.0   -9972.4    17              39.1         39.7     74.8
     40       -10057.3  -10057.3   119        -9999.5   -9999.1    51              55.3         55.7     74.4
     50       -10091.9  -10091.9   124       -10028.5  -10028.0    37              60.9         61.4     74.5
