f0 200 Hz, harmonic 2 mistuned; 300 Adam steps, 128 samples
log prior of structure: one source -2.05, two sources -4.54
percent  logZ1_laplace  logZ1_is  ess1  logZ2_laplace  logZ2_is  ess2  log_odds_laplace  log_odds_is  seconds
      0        -9920.9   -9920.7   120        -9927.4   -9926.7     7              -9.0         -8.5     73.8
      5        -9934.6   -9934.6   114        -9942.0   -9941.0    27              -9.8         -8.8     73.7
     10        -9974.7   -9974.5    90        -9946.6   -9946.6    79              25.6         25.4     73.1
     20       -10104.3  -10104.2   115        -9958.9   -9958.1    15             142.9        143.6     72.0
     30       -10267.6  -10267.5   116        -9983.8   -9982.8    14             281.4        282.2     72.8
     40       -10389.6  -10389.2    66       -10003.9  -10003.1    35             383.2        383.6     73.9
     50       -10389.0  -10387.4    15       -10027.4  -10026.8    63             359.1        358.1     73.5
