f0 200 Hz, harmonic 1 mistuned; 300 Adam steps, 128 samples
log prior of structure: one source -2.05, two sources -4.54
percent  logZ1_laplace  logZ1_is  ess1  logZ2_laplace  logZ2_is  ess2  log_odds_laplace  log_odds_is  seconds
      0        -9920.9   -9920.7   120        -9926.4   -9926.7     9              -8.1         -8.5     76.1
      5        -9954.5   -9954.4   118        -9936.8   -9936.0    38              15.2         15.9     76.2
     10       -10041.5  -10041.3   109        -9939.3   -9938.2    26              99.8        100.7     75.2
     20       -10328.8  -10327.9    24        -9943.9   -9942.8    28             382.4        382.6     72.3
     30       -10586.1  -10585.6    89        -9952.3   -9951.8    33             631.3        631.3     72.9
     40       -10563.3  -10563.0    96        -9951.2   -9950.6    43             609.6        609.9     71.9
     50       -10482.0  -10469.8     2        -9950.5   -9950.1    68             529.0        517.1     72.5
