f0 200 Hz, harmonic 3 mistuned; 300 Adam steps, 128 samples
log prior of structure: one source -2.05, two sources -4.54
percent  logZ1_laplace  logZ1_is  ess1  logZ2_laplace  logZ2_is  ess2  log_odds_laplace  log_odds_is  seconds
      0        -9920.9   -9920.7   120        -9927.6   -9926.5     7              -9.2         -8.3    141.0
      5        -9927.7   -9927.7   119        -9934.4   -9934.0    33              -9.1         -8.8     75.5
     10        -9946.6   -9946.4   108        -9947.6   -9946.6    42              -3.5         -2.6     74.2
     20       -10011.6  -10011.4   111        -9965.4   -9964.8    44              43.7         44.1     76.2
     30       -10103.5  -10103.6   109        -9991.7   -9991.2    48             109.3        109.9     76.4
     40       -10193.3  -10192.9   115       -10028.9  -10028.0    26             162.0        162.4     76.1
     50       -10261.4  -10261.3   118       -10069.1  -10068.3    41             189.8        190.5     77.1
