f0 400 Hz, harmonic 2 mistuned; 300 Adam steps, 128 samples
log prior of structure: one source -2.05, two sources -4.54
percent  logZ1_laplace  logZ1_is  ess1  logZ2_laplace  logZ2_is  ess2  log_odds_laplace  log_odds_is  seconds
      0        -9920.2   -9920.2   126        -9927.2   -9927.0    11              -9.5         -9.3     79.9
      5        -9941.4   -9941.4   127        -9939.5   -9938.6    14              -0.5          0.3     79.0
     10        -9999.0   -9998.9   127        -9941.6   -9940.7    23              54.9         55.7     78.1
     20       -10204.5  -10204.5   126        -9956.2   -9955.2    23             245.8        246.8     78.3
     30       -10439.6  -10439.6   124        -9975.8   -9974.8    22             461.3        462.3     77.8
     40       -10561.6  -10561.0    50        -9985.2   -9984.0    15             573.9        574.5     77.5
     50       -10454.9  -10452.9     8        -9987.9   -9986.9    22             464.4        463.5     77.4
