f0 400 Hz, harmonic 1 mistuned; 300 Adam steps, 128 samples
log prior of structure: one source -2.05, two sources -4.54
percent  logZ1_laplace  logZ1_is  ess1  logZ2_laplace  logZ2_is  ess2  log_odds_laplace  log_odds_is  seconds
      0        -9920.2   -9920.2   126        -9925.8   -9926.1     7              -8.1         -8.4     78.9
      5        -9982.1   -9982.0    93        -9934.4   -9933.5    34              45.2         46.1     78.0
     10       -10138.7  -10138.4    35        -9935.1   -9934.3    22             201.1        201.7     78.3
     20       -10547.4  -10547.2   119        -9939.4   -9938.9    50             605.5        605.9     78.7
     30       -10606.7  -10606.5    93        -9943.6   -9942.6    14             660.6        661.4     79.2
     40       -10594.5  -10594.4    93        -9942.5   -9942.0    66             649.6        649.9     79.6
     50       -10549.7  -10549.6    99        -9942.8   -9941.9    32             604.5        605.2     79.1
