f0 400 Hz, harmonic 3 mistuned; 300 Adam steps, 128 samples
log prior of structure: one source -2.05, two sources -4.54
percent  logZ1_laplace  logZ1_is  ess1  logZ2_laplace  logZ2_is  ess2  log_odds_laplace  log_odds_is  seconds
      0        -9920.2   -9920.2   126        -9927.5   -9926.0     9              -9.8         -8.4     78.3
      5        -9930.2   -9930.2   127        -9938.1   -9936.9    16             -10.3         -9.1     76.8
     10        -9960.1   -9960.1   127        -9941.6   -9940.5    22              16.0         17.1     77.3
     20       -10061.3  -10061.2   114        -9965.0   -9964.0    22              93.8         94.7     77.1
     30       -10190.2  -10190.1   117        -9997.5   -9996.5    26             190.2        191.1     77.4
     40       -10306.0  -10305.8    94       -10026.8  -10025.8    21             276.7        277.5     77.1
     50       -10350.2  -10350.1   117       -10058.4  -10057.3    23             289.2        290.3     77.4
