f0 100 Hz, harmonic 3 mistuned; 300 Adam steps, 128 samples, fft-bass-gain cochleagram, cosine phases, whistle timing inferred
log prior of structure: one source -2.05, two sources -4.54
percent  logZ1_laplace  logZ1_is  ess1  logZ2_laplace  logZ2_is  ess2  log_odds_laplace  log_odds_is  seconds
      0        -9917.9   -9918.3    93        -9922.1   -9985.5     1              -6.7        -69.7      6.9
         note: floored Hessian eigenvalues H1 0, H2 1
      1        -9925.1   -9925.2   100        -9941.8   -9941.9    26             -19.2        -19.2      5.1
      2        -9921.3   -9921.8    93        -9936.3   -9935.5     9             -17.4        -16.2      5.0
      3        -9920.7   -9921.2    93        -9936.8   -9935.7     8             -18.6        -17.0      4.9
      4        -9925.2   -9925.6    95        -9941.3   -9940.9    43             -18.5        -17.7      5.0
      5        -9918.9   -9919.3    92        -9930.5   -9927.8     1             -14.0        -10.9      5.1
      6        -9924.7   -9925.1    95        -9940.2   -9939.9    37             -18.0        -17.3      5.0
      7        -9922.3   -9922.8    93        -9938.2   -9937.3     9             -18.3        -17.0      5.0
      8        -9920.8   -9921.2    93        -9936.8   -9935.1     2             -18.5        -16.3      4.9
      9        -9926.1   -9926.5    95        -9940.8   -9941.1    32             -17.2        -17.0      5.0
     10        -9919.6   -9920.1    91        -9923.4   -9963.8     1              -6.3        -46.2      4.8
         note: floored Hessian eigenvalues H1 0, H2 1
     12        -9923.8   -9924.3    93        -9940.2   -9939.3     9             -18.9        -17.5      5.1
     14        -9927.2   -9927.6    95        -9942.0   -9942.1    40             -17.3        -16.9      5.1
     16        -9925.8   -9926.2    95        -9941.3   -9940.8    27             -18.0        -17.1      5.2
     18        -9922.3   -9922.7    92        -9938.7   -9936.2     2             -18.9        -16.0      5.1
     20        -9922.8   -9923.3    91        -9939.9   -9937.8     2             -19.6        -17.0      5.2
     22        -9928.4   -9928.8    92        -9944.4   -9944.4    39             -18.5        -18.0      5.0
     24        -9930.6   -9931.0    94        -9946.1   -9946.0    58             -18.0        -17.4      5.3
     26        -9929.2   -9929.6    95        -9945.5   -9945.0     7             -18.8        -17.9      5.1
     28        -9926.5   -9926.9    92        -9942.7   -9941.7    14             -18.7        -17.3      5.2
     30        -9929.0   -9929.4    91        -9946.9   -9945.9     4             -20.4        -18.9      5.1
     35        -9932.6   -9933.1    91        -9950.5   -9949.9     9             -20.3        -19.3      5.1
     40        -9937.1   -9937.5    90        -9956.7   -9955.8     8             -22.1        -20.8      5.1
     45        -9942.4   -9942.8    89        -9960.2   -9959.1    20             -20.3        -18.7      5.1
     50        -9947.2   -9947.6    89        -9963.1   -9962.5    31             -18.4        -17.3      5.0
