f0 100 Hz, harmonic 1 mistuned; 300 Adam steps, 128 samples, fft-bass-gain cochleagram, cosine phases, whistle timing inferred
log prior of structure: one source -2.05, two sources -4.54
percent  logZ1_laplace  logZ1_is  ess1  logZ2_laplace  logZ2_is  ess2  log_odds_laplace  log_odds_is  seconds
      0        -9917.9   -9918.3    93        -9930.5   -9930.5     2             -15.1        -14.6      6.7
      1        -9921.0   -9921.0   104        -9939.3   -9938.7    20             -20.7        -20.1      5.1
      2        -9919.6   -9920.1    77        -9933.5   -9930.5     2             -16.4        -12.9      5.2
      3        -9919.6   -9920.0    96        -9932.1   -9929.1     1             -15.0        -11.5      5.1
      4        -9923.0   -9923.3   103        -9937.9   -9935.6     1             -17.4        -14.8      5.0
      5        -9920.5   -9920.8   106        -9932.7   -9930.2     2             -14.7        -11.9      5.1
      6        -9923.6   -9923.8   103        -9938.9   -9937.6     6             -17.8        -16.2      5.0
      7        -9923.6   -9923.9   104        -9940.4   -9937.7     2             -19.2        -16.3      5.1
      8        -9924.2   -9924.4   110        -9939.2   -9936.3     2             -17.5        -14.4      5.0
      9        -9928.9   -9929.0   113        -9949.2   -9948.5    26             -22.8        -22.0      5.4
     10        -9927.4   -9927.6   113        -9941.0   -9938.0     2             -16.1        -13.0      5.4
     12        -9933.5   -9933.7   112        -9949.9   -9949.0    10             -18.9        -17.8      5.1
     14        -9940.8   -9940.9   118        -9950.7   -9949.3     7             -12.4        -10.9      4.9
     16        -9941.6   -9941.8   111        -9950.1   -9948.9     6             -10.9         -9.6      5.2
     18        -9942.8   -9943.0   113        -9950.6   -9949.6    25             -10.3         -9.1      5.1
     20        -9945.5   -9945.8   104        -9949.6   -9949.8    17              -6.5         -6.5      5.3
     22        -9951.0   -9951.3   101        -9951.1   -9950.4    20              -2.6         -1.6      5.4
     24        -9954.9   -9955.2    97        -9951.5   -9950.5     4               0.9          2.2      5.2
     26        -9957.9   -9958.0   108        -9952.4   -9951.5    14               3.0          4.0      5.1
     28        -9961.4   -9961.5   105        -9951.5   -9951.7    13               7.3          7.3      5.1
     30        -9966.8   -9966.9   102        -9953.5   -9952.9    23              10.8         11.5      5.0
     35        -9975.8   -9975.9   100        -9954.5   -9953.6    35              18.9         19.8      5.1
     40        -9981.0   -9980.7    54        -9955.0   -9954.1    43              23.6         24.1      5.1
     45        -9985.3   -9984.9    33        -9955.7   -9954.9    41              27.1         27.5      5.3
     50        -9989.8   -9989.3    29        -9957.3   -9956.4    29              30.0         30.5      4.9
