f0 100 Hz, harmonic 2 mistuned; 300 Adam steps, 128 samples, fft-bass-gain cochleagram, cosine phases, whistle timing inferred
log prior of structure: one source -2.05, two sources -4.54
percent  logZ1_laplace  logZ1_is  ess1  logZ2_laplace  logZ2_is  ess2  log_odds_laplace  log_odds_is  seconds
      0        -9917.9   -9918.3    93        -9929.8   -9930.4    16             -14.4        -14.5      6.9
      1        -9926.1   -9926.0    74        -9942.0   -9941.5     4             -18.3        -18.0      5.0
      2        -9921.5   -9922.0    90        -9939.5   -9938.3    17             -20.5        -18.8      5.0
      3        -9921.0   -9921.5    92        -9937.0   -9935.9    24             -18.5        -17.0      5.1
      4        -9926.6   -9926.5    79        -9942.3   -9941.5    28             -18.2        -17.5      4.9
      5        -9919.4   -9919.9    89        -9931.2   -9929.0     2             -14.3        -11.6      5.0
      6        -9926.0   -9925.9    83        -9941.3   -9940.6    24             -17.8        -17.2      5.2
      7        -9923.3   -9923.3    94        -9939.9   -9937.4     2             -19.1        -16.7      5.3
      8        -9921.4   -9921.9    88        -9938.0   -9935.9     4             -19.1        -16.5      5.3
      9        -9928.0   -9927.9    76        -9943.4   -9941.4     2             -17.8        -16.0      5.4
     10        -9920.7   -9921.1    89        -9933.6   -9930.8     1             -15.4        -12.1      4.9
     12        -9925.5   -9925.5    88        -9942.2   -9939.8     2             -19.1        -16.8      5.3
     14        -9929.9   -9929.7    76        -9946.5   -9944.8     8             -19.1        -17.5      5.2
     16        -9928.2   -9928.2    90        -9944.9   -9943.1     3             -19.2        -17.5      5.0
     18        -9924.6   -9924.8    97        -9941.2   -9938.3     2             -19.0        -16.0      5.0
     20        -9925.5   -9925.6    96        -9940.7   -9938.3     2             -17.7        -15.2      5.1
     22        -9931.8   -9931.7    85        -9948.8   -9947.1     3             -19.5        -17.8      5.3
     24        -9934.5   -9934.5    89        -9949.8   -9949.2    11             -17.8        -17.2      5.2
     26        -9932.8   -9933.3    83        -9949.4   -9948.5     7             -19.1        -17.7      5.1
     28        -9930.5   -9931.0    81        -9946.6   -9945.6    14             -18.6        -17.1      5.2
     30        -9933.2   -9933.7    79        -9950.9   -9950.0     8             -20.2        -18.7      5.0
     35        -9937.8   -9938.4    75        -9956.9   -9956.4    38             -21.6        -20.5      5.2
     40        -9943.3   -9943.9    71        -9959.7   -9958.4     9             -18.9        -17.0      5.0
     45        -9949.8   -9950.6    60        -9962.1   -9961.1    42             -14.8        -13.0      5.1
     50        -9956.3   -9957.0    61        -9964.7   -9963.8     9             -10.9         -9.2      4.9
