f0 200 Hz, harmonic 2 mistuned; 300 Adam steps, 128 samples, fft-bass-gain cochleagram, cosine phases, whistle timing inferred
log prior of structure: one source -2.05, two sources -4.54
percent  logZ1_laplace  logZ1_is  ess1  logZ2_laplace  logZ2_is  ess2  log_odds_laplace  log_odds_is  seconds
      0        -9919.5   -9919.8   114        -9936.9   -9937.0    14             -19.8        -19.7      6.4
      1        -9920.1   -9920.4    88        -9931.9   -9932.1     1             -14.2        -14.2      5.0
      2        -9921.9   -9921.7    72        -9936.4   -9933.4     2             -16.9        -14.2      5.1
      3        -9922.6   -9922.5    82        -9935.6   -9932.6     2             -15.5        -12.7      5.3
      4        -9923.8   -9923.7   100        -9936.5   -9933.5     2             -15.3        -12.3      5.0
      5        -9925.8   -9925.8   104        -9938.7   -9935.6     2             -15.3        -12.4      4.9
      6        -9928.4   -9928.3   105        -9941.5   -9938.5     2             -15.6        -12.7      5.0
      7        -9931.7   -9931.6    87        -9943.2   -9940.1     2             -14.0        -11.1      5.1
      8        -9934.3   -9934.2   109        -9956.9   -9955.2    14             -25.1        -23.5      5.0
      9        -9937.7   -9937.6   116        -9955.9   -9954.7    24             -20.7        -19.5      5.1
     10        -9941.4   -9941.3   116        -9957.3   -9955.1     4             -18.4        -16.2      5.0
     12        -9949.8   -9949.6    69        -9957.1   -9955.4    12              -9.7         -8.4      5.1
     14        -9961.6   -9961.6   116        -9958.3   -9956.6    10               0.8          2.5      5.1
     16        -9971.0   -9970.9    56        -9959.5   -9955.9     1               9.1         12.4      5.3
     18        -9984.6   -9984.5    59        -9960.1   -9958.3     5              22.1         23.6      5.2
     20        -9996.8   -9996.6    51        -9961.2   -9959.0     2              33.0         35.1      5.3
     22       -10007.9  -10007.6    55        -9964.8   -9963.3    13              40.6         41.9      5.3
     24       -10023.4  -10023.2    66        -9967.4   -9965.9     7              53.5         54.8      5.1
     26       -10039.3  -10039.0    18        -9970.7   -9969.3    11              66.1         67.2      5.0
     28       -10050.4  -10050.1    58        -9972.2   -9970.5     6              75.8         77.1      5.0
     30       -10062.8  -10062.5    32        -9973.3   -9971.9    24              86.9         88.2      5.1
     35       -10101.7  -10101.5    85        -9983.6   -9982.1    26             115.5        116.9      5.2
     40       -10125.1  -10124.9    85        -9988.2   -9985.3     1             134.4        137.1      5.1
     45       -10153.7  -10153.0    60        -9999.1   -9996.1     2             152.1        154.5      5.1
     50       -10152.0  -10150.9    29       -10001.6  -10000.2    19             147.9        148.2      5.2
