f0 200 Hz, harmonic 3 mistuned; 300 Adam steps, 128 samples, fft-bass-gain cochleagram, cosine phases, whistle timing inferred
log prior of structure: one source -2.05, two sources -4.54
percent  logZ1_laplace  logZ1_is  ess1  logZ2_laplace  logZ2_is  ess2  log_odds_laplace  log_odds_is  seconds
      0        -9919.5   -9919.8   114        -9936.7   -9934.9     1             -19.6        -17.6      6.4
      1        -9919.7   -9919.9   110        -9932.9   -9930.3     2             -15.7        -12.9      5.0
      2        -9920.7   -9920.7   111        -9923.4      -inf   nan              -5.2         -inf      5.1
         note: floored Hessian eigenvalues H1 0, H2 1
      3        -9921.2   -9921.2   112        -9921.4      -inf   nan              -2.7         -inf      5.3
         note: floored Hessian eigenvalues H1 0, H2 1
      4        -9921.7   -9921.7   118        -9933.9   -9930.8     2             -14.7        -11.6      4.9
      5        -9922.6   -9922.6   118        -9922.3      -inf   nan              -2.2         -inf      5.1
         note: floored Hessian eigenvalues H1 0, H2 1
      6        -9923.7   -9923.7   114        -9936.6   -9933.6     1             -15.4        -12.4      5.0
      7        -9925.7   -9925.6   100        -9939.1   -9936.0     1             -15.9        -12.9      5.0
      8        -9926.8   -9926.7   111        -9940.6   -9937.5     1             -16.3        -13.3      5.0
      9        -9928.4   -9928.4   118        -9942.2   -9941.1    12             -16.2        -15.2      5.1
     10        -9930.3   -9930.3   118        -9951.8   -9948.3     1             -24.0        -20.5      5.1
     12        -9935.5   -9935.4   106        -9951.4   -9948.4     2             -18.4        -15.5      5.0
     14        -9940.3   -9940.2   119        -9958.8   -9956.3     6             -21.0        -18.5      5.1
     16        -9945.5   -9945.3   111        -9957.2   -9955.3    12             -14.2        -12.5      5.3
     18        -9951.7   -9951.6   117        -9960.6   -9959.3    36             -11.4        -10.2      5.1
     20        -9958.7   -9958.6   117        -9961.8   -9960.8    48              -5.6         -4.8      5.5
     22        -9967.1   -9966.9    98        -9951.4      -inf   nan              13.2         -inf      5.1
         note: floored Hessian eigenvalues H1 0, H2 1
     24        -9975.1   -9975.0   118        -9969.1   -9966.8     2               3.5          5.7      5.1
     26        -9982.2   -9981.9    53        -9971.5   -9969.1     3               8.2         10.3      5.0
     28        -9990.3   -9990.2   116        -9975.3   -9972.1     2              12.5         15.6      5.0
     30        -9998.9   -9998.8   104        -9979.7   -9977.5     3              16.8         18.7      5.3
     35       -10020.9  -10020.7   100        -9988.1   -9987.2    50              30.4         31.0      5.2
     40       -10041.9  -10041.7    96        -9996.4   -9993.3     1              43.1         45.8      5.1
     45       -10062.4  -10062.2    86       -10011.3  -10008.3     1              48.6         51.4      5.0
     50       -10079.3  -10079.1    50       -10019.8  -10018.1     2              57.0         58.5      5.0
