f0 200 Hz, harmonic 1 mistuned; 300 Adam steps, 128 samples, fft-bass-gain cochleagram, cosine phases, whistle timing inferred
log prior of structure: one source -2.05, two sources -4.54
percent  logZ1_laplace  logZ1_is  ess1  logZ2_laplace  logZ2_is  ess2  log_odds_laplace  log_odds_is  seconds
      0        -9919.5   -9919.8   114        -9935.8   -9935.4     3             -18.7        -18.1      6.3
      1        -9921.4   -9921.1    49        -9932.5   -9929.8     3             -13.5        -11.2      4.9
      2        -9923.7   -9923.5    80        -9937.3   -9934.1     2             -16.1        -13.1      4.9
      3        -9925.9   -9925.7    87        -9946.3   -9944.9     7             -22.9        -21.7      5.1
      4        -9929.5   -9929.3    95        -9945.8   -9945.1    42             -18.9        -18.2      5.1
      5        -9934.4   -9934.2   109        -9946.3   -9944.3     3             -14.5        -12.6      5.2
      6        -9940.3   -9940.1    75        -9947.2   -9945.9    25              -9.4         -8.3      5.0
      7        -9945.8   -9945.7   119        -9946.8   -9945.4     6              -3.5         -2.2      5.1
      8        -9951.3   -9951.3   120        -9946.5   -9945.4    22               2.3          3.4      5.1
      9        -9957.7   -9957.7   120        -9946.0   -9945.2    36               9.3         10.1      5.1
     10        -9964.3   -9964.2   120        -9947.0   -9944.5     2              14.8         17.2      5.0
     12        -9980.7   -9980.6   120        -9947.9   -9946.6    28              30.3         31.6      5.2
     14       -10000.0  -10000.0   120        -9947.6   -9946.4    24              49.9         51.2      5.2
     16       -10024.8  -10024.8   120        -9949.2   -9947.3     4              73.2         75.0      5.4
     18       -10053.6  -10053.6   121        -9949.4   -9948.4    45             101.7        102.7      5.2
     20       -10071.5  -10071.4   121        -9948.1   -9947.2     4             120.9        121.8      5.4
     22       -10091.6  -10091.6   121        -9950.1   -9948.7    17             139.0        140.4      5.2
     24       -10113.9  -10113.8   120        -9949.1   -9947.9    12             162.3        163.4      5.0
     26       -10140.3  -10140.3   120        -9950.6   -9949.7    12             187.3        188.1      5.0
     28       -10168.1  -10168.0   118        -9952.2   -9951.4    39             213.4        214.1      5.0
     30       -10181.5  -10181.4   117        -9951.7   -9950.9    31             227.2        228.0      5.0
     35       -10216.9  -10216.8   111        -9953.6   -9952.4    35             260.9        261.9      5.1
     40       -10237.1  -10236.9   104        -9954.4   -9953.3    41             280.2        281.1      5.2
     45       -10242.8  -10242.5    84        -9956.0   -9954.8    21             284.2        285.2      5.1
     50       -10227.6  -10227.1    71        -9956.2   -9955.1    33             268.9        269.6      5.2
