f0 400 Hz, harmonic 1 mistuned; 300 Adam steps, 128 samples, fft-bass-gain cochleagram, cosine phases, whistle timing inferred
log prior of structure: one source -2.05, two sources -4.54
percent  logZ1_laplace  logZ1_is  ess1  logZ2_laplace  logZ2_is  ess2  log_odds_laplace  log_odds_is  seconds
      0        -9919.7   -9919.8   124        -9936.9   -9938.4     4             -19.6        -21.1      6.3
      1        -9921.3   -9921.2   120        -9936.1   -9933.8    21             -17.3        -15.1      5.0
      2        -9925.5   -9925.4   120        -9944.5   -9943.0    26             -21.5        -20.0      4.8
      3        -9934.8   -9934.7   119        -9943.0   -9942.3    20             -10.7        -10.0      5.1
      4        -9943.0   -9942.9   121        -9943.6   -9942.3    25              -3.1         -1.8      5.0
      5        -9953.4   -9953.4   122        -9944.6   -9943.2    24               6.3          7.7      4.8
      6        -9966.1   -9966.1   121        -9945.4   -9943.8    19              18.2         19.8      4.7
      7        -9981.8   -9981.8   122        -9943.9   -9942.9    27              35.4         36.4      4.7
      8       -10005.0  -10004.5    63        -9945.8   -9944.5    22              56.7         57.6      4.7
      9       -10023.7  -10023.7   121        -9945.0   -9943.3    29              76.3         77.9      4.6
     10       -10046.0  -10045.6    44        -9945.2   -9943.6    22              98.3         99.5      4.6
     12       -10101.3  -10101.1   109        -9946.3   -9945.1    36             152.5        153.6      4.8
     14       -10155.1  -10155.0   110        -9945.9   -9944.4    31             206.7        208.1      4.8
     16       -10208.8  -10208.8   118        -9946.1   -9945.0    42             260.3        261.3      4.8
     18       -10278.0  -10277.5    72        -9947.0   -9946.2    27             328.5        328.9      5.0
     20       -10337.6  -10337.2    63        -9947.2   -9946.4    50             387.9        388.2      5.1
     22       -10401.1  -10400.5    33        -9948.8   -9947.8    52             449.8        450.2      4.8
     24       -10443.6  -10443.4   101        -9949.4   -9947.6    34             491.7        493.3      4.6
     26       -10479.2  -10479.3   122        -9949.1   -9947.5    31             527.6        529.3      4.5
     28       -10518.6  -10517.8    26        -9950.2   -9948.6    24             565.9        566.7      4.7
     30       -10545.5  -10545.4   105        -9949.9   -9948.8    33             593.1        594.1      4.9
     35       -10547.6  -10547.5    62        -9949.4   -9948.5    59             595.7        596.5      4.8
     40       -10528.9  -10528.7    79        -9949.8   -9948.6    31             576.6        577.7      4.7
     45       -10500.5  -10499.6    43        -9949.2   -9948.0    39             548.7        549.2      4.7
     50       -10454.7  -10454.5    94        -9948.5   -9947.0    24             503.7        504.9      4.7
