f0 400 Hz, harmonic 2 mistuned; 300 Adam steps, 128 samples, fft-bass-gain cochleagram, cosine phases, whistle timing inferred
log prior of structure: one source -2.05, two sources -4.54
percent  logZ1_laplace  logZ1_is  ess1  logZ2_laplace  logZ2_is  ess2  log_odds_laplace  log_odds_is  seconds
      0        -9919.7   -9919.8   124        -9935.5   -9934.3     8             -18.2        -17.0      6.1
      1        -9920.6   -9920.5   121        -9934.7   -9932.5    20             -16.6        -14.5      5.1
      2        -9922.0   -9922.0   126        -9925.2      -inf   nan              -5.6         -inf      4.9
         note: floored Hessian eigenvalues H1 0, H2 1
      3        -9925.7   -9924.6    12        -9936.7   -9935.5    18             -13.5        -13.4      4.9
      4        -9927.8   -9928.0   122        -9942.2   -9940.1    18             -16.9        -14.6      4.8
      5        -9933.6   -9933.2    72        -9951.0   -9949.7    19             -19.8        -19.0      4.8
      6        -9940.3   -9940.1   109        -9951.3   -9950.1    27             -13.5        -12.4      4.7
      7        -9946.4   -9946.5   120        -9951.5   -9950.2    28              -7.5         -6.1      4.8
      8        -9954.0   -9953.9   120        -9950.3   -9948.8    18               1.2          2.5      4.6
      9        -9962.4   -9961.8    38        -9950.9   -9949.8    17               9.1          9.4      4.7
     10        -9972.0   -9972.0   126        -9951.9   -9950.9    20              17.7         18.7      4.7
     12        -9993.2   -9993.1   116        -9953.6   -9952.6    26              37.2         38.1      4.7
     14       -10017.1  -10016.9   109        -9954.5   -9953.2    20              60.1         61.2      4.6
     16       -10048.3  -10047.6    41        -9957.1   -9956.0    38              88.7         89.2      4.7
     18       -10075.7  -10075.7   124        -9959.6   -9958.1    17             113.6        115.0      5.0
     20       -10113.3  -10112.7    35        -9964.0   -9962.3    11             146.8        147.9      5.1
     22       -10147.6  -10146.4    10        -9966.6   -9965.1    24             178.5        178.8      4.9
     24       -10175.5  -10175.8   111        -9968.5   -9966.7    12             204.5        206.6      4.7
     26       -10209.5  -10208.5    13        -9970.5   -9968.6    13             236.5        237.3      4.6
     28       -10237.6  -10236.8    13        -9974.2   -9972.1    21             261.0        262.3      4.7
     30       -10273.0  -10272.1    23        -9975.8   -9974.4    40             294.8        295.2      4.9
     35       -10340.9  -10340.7    80        -9984.9   -9983.8    53             353.6        354.5      4.8
     40       -10372.9  -10372.7    78        -9988.8   -9987.7    52             381.6        382.6      4.8
     45       -10369.6  -10369.2    51        -9989.1   -9987.8    43             378.0        379.0      4.6
     50       -10349.1  -10345.5     1        -9989.1   -9987.9    40             357.5        355.1      4.9
