f0 400 Hz, harmonic 3 mistuned; 300 Adam steps, 128 samples, fft-bass-gain cochleagram, cosine phases, whistle timing inferred
log prior of structure: one source -2.05, two sources -4.54
percent  logZ1_laplace  logZ1_is  ess1  logZ2_laplace  logZ2_is  ess2  log_odds_laplace  log_odds_is  seconds
      0        -9919.7   -9919.8   124        -9932.9   -9930.9    19             -15.7        -13.6      6.3
      1        -9920.1   -9920.0   119        -9935.1   -9932.6    24             -17.5        -15.0      5.2
      2        -9920.9   -9920.8   116        -9934.0   -9932.2    13             -15.6        -13.9      5.3
      3        -9922.5   -9922.4   110        -9942.7   -9939.7     3             -22.7        -19.8      5.3
      4        -9924.4   -9924.3   105        -9946.4   -9942.9     3             -24.5        -21.1      5.1
      5        -9926.7   -9926.6   112        -9946.9   -9944.1     6             -22.7        -20.0      5.1
      6        -9929.5   -9929.4   119        -9944.8   -9942.6    18             -17.7        -15.6      4.9
      7        -9933.0   -9932.8   116        -9948.3   -9945.9    14             -17.7        -15.5      4.9
      8        -9937.7   -9937.5   110        -9952.2   -9950.5    21             -17.0        -15.5      4.7
      9        -9941.8   -9941.7   124        -9953.5   -9951.5    15             -14.2        -12.2      4.7
     10        -9946.1   -9946.0   123        -9952.3   -9950.1    15              -8.6         -6.6      4.9
     12        -9956.5   -9956.3    71        -9955.1   -9953.0    17              -1.1          0.8      5.0
     14        -9969.2   -9969.3    87        -9958.7   -9956.6    16               8.0         10.2      5.0
     16        -9982.1   -9982.2    74        -9962.6   -9960.5    16              17.1         19.2      5.4
     18       -10000.1   -9999.3    17        -9967.2   -9965.4    16              30.3         31.4      5.5
     20       -10014.6  -10014.2    49        -9970.8   -9969.0    14              41.3         42.7      5.0
     22       -10031.9  -10032.1   116        -9978.2   -9977.0    39              51.3         52.7      4.8
     24       -10050.9  -10051.1   116        -9980.7   -9979.2    22              67.7         69.5      4.7
     26       -10069.1  -10069.2   115        -9985.9   -9983.9    26              80.7         82.8      4.8
     28       -10091.2  -10091.3   114        -9992.0   -9990.6    28              96.7         98.3      5.0
     30       -10107.9  -10107.9   112        -9995.8   -9994.4    30             109.6        111.0      5.1
     35       -10154.8  -10154.1    25       -10009.5  -10007.9    45             142.9        143.6      4.7
     40       -10195.2  -10194.6    18       -10022.6  -10021.2    36             170.1        170.8      4.7
     45       -10220.3  -10220.0    25       -10030.7  -10029.4    33             187.1        188.1      4.9
     50       -10232.7  -10232.7   126       -10035.8  -10033.9    30             194.4        196.3      4.8
